1.40096
1.40282
1.40447
1.40589
1.4071
1.40807
1.40881
1.40932
1.40958
1.4096
1.40938
1.40891
1.40819
1.40722
1.40599
1.40451
1.40278
1.40079
1.39854
1.39604
1.39328
1.39027
1.387
1.38348
1.37971
1.37569
1.37142
1.36691
1.36215
1.35716
1.35194
1.34649
1.34081
1.33492
1.32881
1.32249
1.31598
1.30927
1.30237
1.2953
1.28806
1.28066
1.2731
1.2654
1.25757
1.24962
1.24156
1.2334
1.22515
1.21682
1.20842
1.19997
1.19148
1.18295
1.17441
1.16586
1.15732
1.1488
1.14031
1.13186
1.12347
1.11515
1.1069
1.09875
1.09069
1.08275
1.07493
1.06724
1.05969
1.05229
1.04505
1.03798
1.03109
1.02437
1.01785
1.01152
1.00539
0.999462
0.993746
0.988245
0.982961
0.977899
0.97306
0.968445
0.964056
0.959894
0.955961
0.952257
0.948779
0.945529
0.942507
0.939712
0.93714
0.934789
0.932659
0.930746
0.929049
0.927564
0.926288
0.925217
0.924348
0.923678
0.923204
0.922922
0.922828
0.922917
0.923186
0.923629
0.924242
0.925021
0.925962
0.92706
0.928311
0.929711
0.931254
0.932937
0.934755
0.936706
0.938784
0.940985
0.943306
0.945742
0.948289
0.950943
0.953702
0.956562
0.959519
0.962569
0.965708
0.968932
0.972238
0.975621
0.979079
0.982608
0.986205
0.989865
0.993586
0.997365
1.0012
1.00508
1.009
1.01297
1.01698
1.02102
1.02509
1.02918
1.0333
1.03744
1.04159
1.04575
1.04991
1.05407
1.05823
1.06239
1.06652
1.07064
1.07473
1.0788
1.08284
1.08683
1.09079
1.0947
1.09856
1.10236
1.10609
1.10977
1.11337
1.1169
1.12035
1.12372
1.127
1.13019
1.13329
1.13629
1.13918
1.14198
1.14466
1.14723
1.14968
1.15202
1.15424
1.15633
1.1583
1.16014
1.16186
1.16345
1.1649
1.16622
1.16741
1.16847
1.16939
1.17017
1.17082
1.17133
1.17171
1.17195
1.17205
1.17202
1.17186
1.17156
1.17112
1.17055
1.16985
1.16903
1.16807
1.16698
1.16577
1.16443
1.16297
1.16139
1.15969
1.15788
1.15594
1.1539
1.15174
1.14948
1.14711
1.14464
1.14207
1.13941
1.13665
1.13381
1.13087
1.12786
1.12477
1.12161
1.11837
1.11507
1.11171
1.10829
1.10481
1.10129
1.09771
1.0941
1.09045
1.08677
1.08306
1.07933
1.07558
1.07181
1.06804
1.06426
1.06049
1.05672
1.05296
1.04922
1.0455
1.0418
1.03814
1.0345
1.03091
1.02736
1.02385
1.0204
1.017
1.01366
1.01039
1.00718
1.00404
1.00097
0.997982
0.995071
0.992242
0.989497
0.98684
0.984272
0.981796
0.979412
0.977123
0.97493
0.972835
0.970837
0.968939
0.967141
0.965447
0.963854
0.962365
0.960978
0.959691
0.958505
0.957419
0.956431
0.955542
0.95475
0.954055
0.953455
0.952948
0.952534
0.95221
0.951976
0.951829
0.951768
0.951792
0.951899
0.952084
0.952347
0.952685
0.953097
0.95358
0.954132
0.954751
0.955435
0.95618
0.956983
0.957844
0.958759
0.959724
0.960738
0.961797
0.9629
0.964044
0.965226
0.966443
0.967694
0.968975
0.970284
0.971618
0.972973
0.974348
0.975738
0.977142
0.978557
0.97998
0.981408
0.982839
0.98427
0.985699
0.987123
0.98854
0.989948
0.991344
0.992724
0.994088
0.995432
0.996756
0.998057
0.999333
1.00058
1.0018
1.00299
1.00414
1.00527
1.00636
1.00741
1.00842
1.0094
1.01034
1.01124
1.0121
1.01292
1.0137
1.01444
1.01514
1.01579
1.01641
1.01699
1.01753
1.01803
1.01849
1.01891
1.0193
1.01965
1.01997
1.02025
1.02051
1.02074
1.02094
1.02111
1.02126
1.02138
1.02149
1.02157
1.02164
1.02169
1.02173
1.02177
1.02179
1.02181
1.02183
1.02185
1.02188
1.02191
1.02194
1.02199
1.02204
1.02212
1.02221
1.02231
1.02244
1.0226
1.02277
1.02298
1.02322
1.02349
1.02379
1.02413
1.02451
1.02492
1.02537
1.02587
1.02641
1.02699
1.02762
1.02829
1.02901
1.02978
1.03059
1.03145
1.03236
1.03332
1.03433
1.03539
1.0365
1.03765
1.03885
1.0401
1.04139
1.04273
1.04411
1.04554
1.04701
1.04851
1.05006
1.05164
1.05326
1.0549
1.05658
1.05829
1.06002
1.06178
1.06356
1.06536
1.06717
1.069
1.07083
1.07268
1.07453
1.07638
1.07822
1.08007
1.08191
1.08373
1.08555
1.08735
1.08913
1.0909
1.09263
1.09434
1.09602
1.09767
1.09929
1.10087
1.10241
1.10391
1.10536
1.10677
1.10813
1.10944
1.1107
1.11191
1.11306
1.11416
1.1152
1.11619
1.11711
1.11798
1.11878
1.11953
1.12021
1.12083
1.12138
1.12188
1.12231
1.12268
1.12298
1.12322
1.12339
1.1235
1.12355
1.12353
1.12345
1.12331
1.12311
1.12284
1.12251
1.12211
1.12166
1.12114
1.12056
1.11992
1.11922
1.11846
1.11763
1.11675
1.11581
1.11481
1.11375
1.11263
1.11145
1.11022
1.10892
1.10758
1.10618
1.10472
1.10321
1.10165
1.10003
1.09837
1.09665
1.09489
1.09308
1.09122
1.08932
1.08738
1.0854
1.08338
1.08133
1.07924
1.07712
1.07497
1.07279
1.07059
1.06837
1.06613
1.06388
1.06161
1.05934
1.05706
1.05477
1.05249
1.05021
1.04794
1.04568
1.04344
1.04122
1.03901
1.03684
1.03469
1.03257
1.0305
1.02846
1.02646
1.02451
1.02261
1.02076
1.01896
1.01722
1.01553
1.01391
1.01235
1.01086
1.00943
1.00808
1.00679
1.00557
1.00442
1.00334
1.00233
1.0014
1.00053
0.999735
0.999013
0.99836
0.997776
0.99726
0.99681
0.996425
0.996103
0.995843
0.995644
0.995503
0.99542
0.995392
0.995417
0.995493
0.995618
0.995791
0.99601
0.996273
0.996579
0.996925
0.997309
0.997731
0.998188
0.998677
0.999198
0.999749
1.00033
1.00094
1.00157
1.00223
1.00292
1.00363
1.00437
1.00513
1.00591
1.00671
1.00753
1.00837
1.00923
1.01011
1.01101
1.01192
1.01286
1.01381
1.01478
1.01577
1.01677
1.0178
1.01883
1.01989
1.02096
1.02204
1.02314
1.02426
1.02539
1.02653
1.02768
1.02885
1.03003
1.03122
1.03242
1.03364
1.03486
1.0361
1.03734
1.0386
1.03986
1.04113
1.04241
1.04369
1.04499
1.04629
1.0476
1.04892
1.05023
1.05156
1.05289
1.05423
1.05557
1.05691
1.05826
1.05961
1.06097
1.06234
1.0637
1.06508
1.06646
1.06784
1.06923
1.07063
1.07202
1.07343
1.07483
1.07624
1.07766
1.07908
1.0805
1.08192
1.08335
1.08477
1.0862
1.08763
1.08906
1.09049
1.09192
1.09334
1.09476
1.09618
1.09759
1.09899
1.10038
1.10177
1.10315
1.10451
1.10586
1.1072
1.10853
1.10983
1.11112
1.11239
1.11364
1.11486
1.11606
1.11723
1.11838
1.1195
1.12059
1.12165
1.12268
1.12368
1.12464
1.12557
1.12646
1.12732
1.12813
1.12891
1.12965
1.13035
1.131
1.13162
1.13219
1.13272
1.13321
1.13366
1.13406
1.13442
1.13474
1.13501
1.13525
1.13544
1.13559
1.1357
1.13576
1.13579
1.13578
1.13573
1.13564
1.13553
1.13537
1.13519
1.13497
1.13472
1.13444
1.13414
1.13381
1.13346
1.13308
1.13268
1.13226
1.13183
1.13137
1.1309
1.13041
1.12991
1.1294
1.12888
1.12835
1.12781
1.12726
1.12671
1.12616
1.1256
1.12503
1.12446
1.12389
1.12332
1.12275
1.12218
1.1216
1.12103
1.12045
1.11988
1.11931
1.11874
1.11817
1.1176
1.11703
1.11646
1.1159
1.11534
1.11478
1.11423
1.11368
1.11313
1.11259
1.11206
1.11153
1.11101
1.1105
1.10999
1.1095
1.10901
1.10854
1.10808
1.10763
1.10719
1.10677
1.10636
1.10597
1.10559
1.10524
1.1049
1.10458
1.10428
1.104
1.10374
1.1035
1.10329
1.1031
1.10293
1.10278
1.10266
1.10256
1.10248
1.10243
1.1024
1.10239
1.10241
1.10244
1.10249
1.10256
1.10265
1.10276
1.10288
1.10302
1.10317
1.10333
1.10349
1.10366
1.10384
1.10401
1.10419
1.10436
1.10452
1.10467
1.10481
1.10494
1.10505
1.10514
1.1052
1.10524
1.10525
1.10522
1.10516
1.10506
1.10492
1.10474
1.10451
1.10423
1.10391
1.10353
1.1031
1.10262
1.10207
1.10148
1.10082
1.10011
1.09933
1.0985
1.0976
1.09665
1.09564
1.09457
1.09344
1.09226
1.09103
1.08974
1.0884
1.08701
1.08557
1.08409
1.08257
1.08101
1.07941
1.07777
1.07611
1.07442
1.0727
1.07095
1.06919
1.06741
1.06561
1.06379
1.06197
1.06014
1.0583
1.05645
1.05461
1.05276
1.05092
1.04907
1.04724
1.04541
1.04359
1.04178
1.03998
1.03819
1.03642
1.03466
1.03292
1.03119
1.02949
1.0278
1.02614
1.0245
1.02288
1.02128
1.01971
1.01816
1.01664
1.01515
1.01369
1.01225
1.01085
1.00948
1.00814
1.00683
1.00556
1.00432
1.00312
1.00196
1.00083
0.999744
0.998697
0.99769
0.996725
0.995801
0.99492
0.994082
0.993289
0.992539
0.991834
0.991174
0.99056
0.989992
0.989471
0.988996
0.988567
0.988184
0.987849
0.987562
0.987321
0.987127
0.98698
0.986878
0.986824
0.986816
0.986855
0.986941
0.987072
0.987249
0.987472
0.987742
0.988058
0.988418
0.988824
0.989274
0.989769
0.990308
0.990889
0.991514
0.992181
0.99289
0.993639
0.99443
0.995261
0.996132
0.997042
0.99799
0.998976
0.999998
1.00105
1.00215
1.00327
1.00442
1.0056
1.00681
1.00805
1.00932
1.0106
1.01191
1.01324
1.01458
1.01594
1.01731
1.01869
1.02009
1.02149
1.02289
1.0243
1.02571
1.02713
1.02854
1.02994
1.03134
1.03274
1.03412
1.03549
1.03685
1.0382
1.03952
1.04083
1.04213
1.0434
1.04465
1.04587
1.04708
1.04826
1.04941
1.05054
1.05163
1.05271
1.05375
1.05476
1.05575
1.0567
1.05762
1.05852
1.05938
1.40051
1.40153
1.40242
1.40317
1.40378
1.40426
1.40461
1.40482
1.40491
1.40486
1.40468
1.40438
1.40396
1.40341
1.40274
1.40195
1.40104
1.40002
1.39889
1.39765
1.3963
1.39485
1.3933
1.39165
1.38991
1.38808
1.38615
1.38415
1.38206
1.37989
1.37766
1.37535
1.37299
1.37056
1.36808
1.36555
1.36298
1.36036
1.35771
1.35504
1.35234
1.34962
1.34689
1.34416
1.34143
1.33871
1.336
1.33331
1.33065
1.32803
1.32544
1.32289
1.3204
1.31797
1.31559
1.31329
1.31105
1.3089
1.30682
1.30483
1.30293
1.30111
1.29939
1.29776
1.29623
1.2948
1.29346
1.29221
1.29106
1.29
1.28903
1.28815
1.28735
1.28663
1.28599
1.28541
1.2849
1.28446
1.28406
1.28372
1.28341
1.28314
1.2829
1.28268
1.28248
1.28228
1.28209
1.28188
1.28167
1.28144
1.28118
1.28089
1.28056
1.2802
1.27978
1.27931
1.27879
1.27819
1.27754
1.27681
1.27601
1.27513
1.27417
1.27313
1.27201
1.2708
1.26951
1.26813
1.26667
1.26513
1.2635
1.2618
1.26001
1.25815
1.25622
1.25421
1.25214
1.25
1.2478
1.24555
1.24326
1.24091
1.23853
1.23612
1.23368
1.23123
1.22875
1.22627
1.22379
1.22131
1.21884
1.21639
1.21396
1.21156
1.20919
1.20686
1.20457
1.20233
1.20015
1.19802
1.19595
1.19394
1.192
1.19013
1.18832
1.18659
1.18493
1.18335
1.18184
1.18041
1.17905
1.17777
1.17656
1.17543
1.17437
1.17338
1.17247
1.17162
1.17084
1.17014
1.1695
1.16892
1.16842
1.16797
1.1676
1.16729
1.16705
1.16688
1.16677
1.16673
1.16676
1.16686
1.16703
1.16728
1.1676
1.16799
1.16847
1.16901
1.16964
1.17034
1.17112
1.17197
1.1729
1.17391
1.17499
1.17613
1.17735
1.17863
1.17996
1.18135
1.1828
1.18429
1.18583
1.1874
1.189
1.19062
1.19226
1.19392
1.19558
1.19725
1.19892
1.20058
1.20223
1.20385
1.20546
1.20704
1.20859
1.21011
1.21159
1.21303
1.21444
1.2158
1.21711
1.21838
1.2196
1.22077
1.2219
1.22298
1.22401
1.22499
1.22593
1.22683
1.22768
1.2285
1.22928
1.23002
1.23074
1.23142
1.23207
1.2327
1.2333
1.23388
1.23444
1.23499
1.23551
1.23603
1.23653
1.23702
1.2375
1.23798
1.23845
1.23892
1.23939
1.23985
1.24031
1.24077
1.24123
1.24169
1.24215
1.2426
1.24305
1.2435
1.24394
1.24437
1.2448
1.24522
1.24562
1.24602
1.24639
1.24675
1.24709
1.2474
1.2477
1.24796
1.24819
1.2484
1.24856
1.2487
1.24879
1.24885
1.24887
1.24884
1.24878
1.24867
1.24851
1.24831
1.24807
1.24778
1.24744
1.24706
1.24664
1.24617
1.24566
1.24512
1.24453
1.24391
1.24326
1.24258
1.24187
1.24113
1.24038
1.2396
1.23881
1.238
1.23718
1.23636
1.23552
1.23469
1.23385
1.23301
1.23218
1.23135
1.23052
1.22969
1.22887
1.22805
1.22725
1.22645
1.22565
1.22486
1.22408
1.22331
1.22254
1.22178
1.22101
1.22025
1.2195
1.21874
1.21799
1.21724
1.21648
1.21573
1.21498
1.21423
1.21349
1.21275
1.21201
1.21128
1.21056
1.20984
1.20914
1.20844
1.20776
1.2071
1.20645
1.20583
1.20523
1.20466
1.20411
1.2036
1.20312
1.20267
1.20227
1.20192
1.2016
1.20134
1.20113
1.20097
1.20086
1.20081
1.20082
1.20089
1.20102
1.20122
1.20148
1.2018
1.20218
1.20263
1.20315
1.20373
1.20437
1.20508
1.20585
1.20668
1.20757
1.20852
1.20953
1.2106
1.21172
1.21289
1.21411
1.21538
1.21669
1.21805
1.21945
1.22089
1.22236
1.22387
1.22541
1.22698
1.22858
1.23021
1.23187
1.23354
1.23524
1.23695
1.23868
1.24043
1.24219
1.24397
1.24575
1.24754
1.24934
1.25115
1.25296
1.25477
1.25659
1.25841
1.26022
1.26203
1.26384
1.26565
1.26744
1.26923
1.27101
1.27277
1.27452
1.27625
1.27797
1.27967
1.28135
1.283
1.28462
1.28622
1.28779
1.28932
1.29082
1.29229
1.29372
1.29511
1.29645
1.29775
1.299
1.3002
1.30136
1.30246
1.30351
1.3045
1.30543
1.3063
1.30711
1.30786
1.30855
1.30918
1.30975
1.31025
1.31069
1.31107
1.31138
1.31164
1.31184
1.31197
1.31206
1.31209
1.31206
1.31199
1.31186
1.31169
1.31147
1.31121
1.31092
1.31059
1.31022
1.30983
1.30942
1.30898
1.30852
1.30805
1.30756
1.30707
1.30656
1.30605
1.30554
1.30503
1.30452
1.30401
1.30351
1.30302
1.30253
1.30206
1.3016
1.30114
1.30071
1.30028
1.29986
1.29946
1.29907
1.29868
1.2983
1.29794
1.29757
1.29722
1.29686
1.29651
1.29616
1.29581
1.29546
1.29511
1.29474
1.29437
1.29399
1.2936
1.2932
1.29277
1.29233
1.29187
1.29139
1.29088
1.29035
1.28979
1.2892
1.28858
1.28793
1.28726
1.28655
1.2858
1.28502
1.28421
1.28337
1.28248
1.28156
1.28061
1.27961
1.27858
1.27751
1.2764
1.27526
1.27407
1.27284
1.27157
1.27026
1.26891
1.26753
1.2661
1.26463
1.26312
1.26157
1.25998
1.25835
1.25668
1.25496
1.25321
1.25142
1.24959
1.24772
1.24581
1.24387
1.24189
1.23987
1.23782
1.23574
1.23362
1.23148
1.22931
1.22711
1.22488
1.22263
1.22036
1.21806
1.21575
1.21342
1.21108
1.20872
1.20635
1.20397
1.20158
1.19919
1.19679
1.19439
1.19199
1.18959
1.18719
1.1848
1.18241
1.18004
1.17768
1.17533
1.17299
1.17068
1.16838
1.1661
1.16385
1.16163
1.15944
1.15728
1.15516
1.15308
1.15104
1.14906
1.14713
1.14525
1.14344
1.1417
1.14003
1.13844
1.13694
1.13554
1.13423
1.13303
1.13194
1.13098
1.13014
1.12944
1.12888
1.12847
1.12822
1.12813
1.12821
1.12847
1.12891
1.12954
1.13036
1.13139
1.13261
1.13403
1.13566
1.1375
1.13955
1.14181
1.14427
1.14693
1.14979
1.15285
1.1561
1.15953
1.16313
1.1669
1.17082
1.17489
1.17909
1.18342
1.18786
1.1924
1.19703
1.20173
1.20649
1.2113
1.21615
1.22102
1.2259
1.23078
1.23564
1.24048
1.24528
1.25003
1.25472
1.25935
1.2639
1.26836
1.27273
1.27701
1.28117
1.28523
1.28917
1.29299
1.29668
1.30025
1.30369
1.307
1.31017
1.31321
1.31611
1.31888
1.32151
1.32401
1.32638
1.32862
1.33072
1.3327
1.33455
1.33628
1.33788
1.33937
1.34075
1.34201
1.34317
1.34423
1.34518
1.34604
1.3468
1.34748
1.34807
1.34858
1.34902
1.34938
1.34968
1.34992
1.35009
1.35021
1.35028
1.35031
1.35029
1.35023
1.35013
1.34999
1.34983
1.34964
1.34942
1.34919
1.34893
1.34865
1.34836
1.34805
1.34773
1.34739
1.34705
1.3467
1.34634
1.34597
1.3456
1.34522
1.34484
1.34445
1.34406
1.34366
1.34326
1.34285
1.34244
1.34203
1.34161
1.34118
1.34076
1.34033
1.33989
1.33945
1.339
1.33855
1.3381
1.33765
1.33718
1.33672
1.33625
1.33578
1.33531
1.33484
1.33437
1.3339
1.33342
1.33294
1.33246
1.33198
1.33149
1.33101
1.33053
1.33004
1.32956
1.32907
1.32858
1.32809
1.32761
1.32712
1.32664
1.32615
1.32567
1.32518
1.32469
1.3242
1.32371
1.32321
1.32271
1.3222
1.32169
1.32117
1.32064
1.3201
1.31955
1.31899
1.31841
1.31782
1.31721
1.31659
1.31594
1.31528
1.31459
1.31388
1.31314
1.31237
1.31158
1.31076
1.30991
1.30904
1.30813
1.30719
1.30622
1.30522
1.30418
1.30311
1.30201
1.30088
1.29971
1.29851
1.29728
1.29602
1.29473
1.29341
1.29206
1.29069
1.28929
1.28787
1.28642
1.28495
1.28346
1.28196
1.28044
1.2789
1.27735
1.27579
1.27422
1.27264
1.27105
1.26946
1.26787
1.26627
1.26467
1.26306
1.26146
1.25986
1.25825
1.25665
1.25505
1.25346
1.25186
1.25027
1.24868
1.24709
1.24551
1.24393
1.24236
1.24079
1.23922
1.23765
1.23609
1.23452
1.23296
1.23139
1.22983
1.22826
1.2267
1.22514
1.22358
1.22202
1.22045
1.21889
1.21733
1.21577
1.21421
1.21266
1.2111
1.20955
1.20801
1.20647
1.20494
1.20341
1.20189
1.20038
1.19889
1.1974
1.19594
1.19449
1.19305
1.19164
1.19025
1.18888
1.18754
1.18622
1.18493
1.18367
1.18244
1.18124
1.18008
1.17895
1.17785
1.17679
1.17577
1.17479
1.17384
1.17294
1.17207
1.17125
1.17047
1.16972
1.16902
1.16836
1.16773
1.16715
1.1666
1.16609
1.16562
1.16518
1.16478
1.16441
1.16408
1.16378
1.16352
1.16329
1.16309
1.16292
1.16279
1.16268
1.16261
1.16257
1.16257
1.1626
1.16266
1.16275
1.16288
1.16304
1.16324
1.16347
1.16374
1.16405
1.16439
1.16477
1.16519
1.16565
1.16616
1.1667
1.16729
1.16791
1.16858
1.16929
1.17004
1.17083
1.17166
1.17254
1.17345
1.1744
1.17539
1.17642
1.17748
1.17857
1.1797
1.18086
1.18204
1.18325
1.18448
1.18573
1.187
1.18828
1.18957
1.19087
1.19217
1.19348
1.19478
1.19607
1.19736
1.19863
1.19989
1.20113
1.20235
1.20354
1.20471
1.20584
1.20693
1.20798
1.209
1.20996
1.21088
1.21175
1.21256
1.21332
1.21402
1.21466
1.21524
1.21576
1.21621
1.21659
1.21691
1.21715
1.21733
1.21744
1.21748
1.21746
1.21736
1.2172
1.21697
1.21667
1.21631
1.21588
1.2154
1.21485
1.21425
1.21359
1.21288
1.21213
1.21133
1.21049
1.20961
1.20869
1.20775
1.20677
1.20578
1.20476
1.20374
1.2027
1.20166
1.20061
1.19957
1.19854
1.19751
1.19651
1.19553
1.19457
1.19364
1.19275
1.1919
1.19109
1.19032
1.18961
1.18894
1.39974
1.39934
1.39894
1.39852
1.39811
1.3977
1.39729
1.39689
1.39649
1.3961
1.39572
1.39535
1.39499
1.39465
1.39432
1.39401
1.39372
1.39343
1.39317
1.39292
1.39268
1.39246
1.39226
1.39207
1.39189
1.39173
1.39158
1.39143
1.3913
1.39118
1.39106
1.39095
1.39084
1.39073
1.39063
1.39053
1.39043
1.39033
1.39022
1.39011
1.38999
1.38987
1.38974
1.3896
1.38945
1.3893
1.38913
1.38896
1.38877
1.38857
1.38837
1.38815
1.38792
1.38768
1.38743
1.38717
1.3869
1.38662
1.38633
1.38603
1.38572
1.38541
1.38509
1.38476
1.38444
1.38411
1.38378
1.38346
1.38314
1.38283
1.38252
1.38223
1.38194
1.38167
1.38142
1.38118
1.38096
1.38077
1.3806
1.38046
1.38035
1.38027
1.38023
1.38022
1.38026
1.38033
1.38045
1.38062
1.38084
1.38111
1.38144
1.38182
1.38226
1.38277
1.38333
1.38396
1.38465
1.38541
1.38624
1.38714
1.3881
1.38914
1.39025
1.39143
1.39268
1.394
1.39539
1.39684
1.39835
1.39993
1.40156
1.40325
1.405
1.40679
1.40863
1.41052
1.41243
1.41438
1.41636
1.41836
1.42037
1.42239
1.42441
1.42642
1.42843
1.43042
1.43238
1.43431
1.4362
1.43805
1.43985
1.44159
1.44326
1.44486
1.44639
1.44784
1.44919
1.45045
1.45162
1.45268
1.45363
1.45447
1.4552
1.4558
1.45628
1.45663
1.45686
1.45696
1.45693
1.45676
1.45647
1.45604
1.45548
1.45479
1.45398
1.45303
1.45196
1.45076
1.44944
1.44801
1.44646
1.44481
1.44304
1.44118
1.43923
1.43718
1.43505
1.43283
1.43055
1.4282
1.42579
1.42332
1.42081
1.41826
1.41568
1.41308
1.41046
1.40784
1.40521
1.40259
1.39999
1.39741
1.39486
1.39236
1.3899
1.3875
1.38516
1.38289
1.38071
1.37861
1.3766
1.37469
1.37288
1.37119
1.36961
1.36815
1.36681
1.3656
1.36452
1.36358
1.36278
1.36211
1.36159
1.36121
1.36096
1.36086
1.36089
1.36107
1.36138
1.36183
1.3624
1.36311
1.36394
1.36488
1.36595
1.36712
1.3684
1.36978
1.37126
1.37282
1.37446
1.37618
1.37797
1.37981
1.38171
1.38366
1.38565
1.38766
1.38971
1.39177
1.39383
1.3959
1.39797
1.40002
1.40205
1.40405
1.40601
1.40793
1.4098
1.41161
1.41336
1.41503
1.41662
1.41812
1.41954
1.42085
1.42206
1.42315
1.42413
1.42499
1.42572
1.42632
1.42678
1.4271
1.42729
1.42732
1.42721
1.42694
1.42652
1.42595
1.42522
1.42433
1.42328
1.42207
1.42071
1.41918
1.4175
1.41566
1.41366
1.4115
1.4092
1.40674
1.40414
1.40139
1.39849
1.39546
1.39228
1.38897
1.38553
1.38196
1.37826
1.37444
1.37051
1.36646
1.36231
1.35806
1.35371
1.34927
1.34474
1.34013
1.33544
1.33069
1.32586
1.32099
1.31606
1.31108
1.30608
1.30104
1.29598
1.29091
1.28584
1.28077
1.27572
1.27069
1.26569
1.26073
1.25583
1.25098
1.24621
1.24152
1.23692
1.23242
1.22803
1.22377
1.21964
1.21566
1.21183
1.20817
1.20468
1.20137
1.19825
1.19534
1.19263
1.19015
1.18788
1.18585
1.18405
1.1825
1.18119
1.18012
1.17931
1.17875
1.17844
1.17839
1.17859
1.17905
1.17975
1.1807
1.18189
1.18332
1.18499
1.18688
1.18899
1.19132
1.19385
1.19659
1.19952
1.20263
1.20591
1.20936
1.21297
1.21672
1.22062
1.22465
1.22879
1.23305
1.23742
1.24188
1.24643
1.25106
1.25576
1.26053
1.26536
1.27024
1.27516
1.28012
1.28511
1.29012
1.29515
1.3002
1.30525
1.31031
1.31536
1.32041
1.32544
1.33047
1.33547
1.34045
1.3454
1.35032
1.35521
1.36006
1.36487
1.36964
1.37436
1.37903
1.38366
1.38822
1.39274
1.39719
1.40158
1.40591
1.41018
1.41437
1.4185
1.42255
1.42653
1.43044
1.43426
1.438
1.44166
1.44523
1.44871
1.45211
1.45541
1.45862
1.46173
1.46475
1.46766
1.47048
1.47319
1.47579
1.47829
1.48068
1.48296
1.48513
1.48718
1.48913
1.49096
1.49268
1.49428
1.49576
1.49713
1.49839
1.49953
1.50056
1.50147
1.50228
1.50297
1.50356
1.50405
1.50443
1.50471
1.50489
1.50497
1.50496
1.50486
1.50467
1.5044
1.50405
1.50362
1.50312
1.50255
1.50191
1.50122
1.50047
1.49967
1.49881
1.49791
1.49697
1.49599
1.49497
1.49392
1.49284
1.49173
1.49059
1.48943
1.48825
1.48705
1.48583
1.4846
1.48335
1.48208
1.48081
1.47951
1.47821
1.47689
1.47556
1.47421
1.47285
1.47148
1.47009
1.46868
1.46726
1.46582
1.46437
1.46289
1.46139
1.45987
1.45832
1.45675
1.45516
1.45353
1.45188
1.4502
1.44849
1.44675
1.44498
1.44319
1.44136
1.43951
1.43762
1.4357
1.43376
1.43178
1.42977
1.42773
1.42567
1.42358
1.42146
1.41931
1.41714
1.41495
1.41274
1.4105
1.40825
1.40598
1.40369
1.40139
1.39908
1.39675
1.39442
1.39208
1.38973
1.38738
1.38504
1.38269
1.38035
1.37802
1.3757
1.37339
1.37109
1.36882
1.36656
1.36433
1.36213
1.35996
1.35782
1.35572
1.35365
1.35163
1.34965
1.34771
1.34582
1.34398
1.3422
1.34047
1.33879
1.33717
1.33561
1.33411
1.33267
1.3313
1.32999
1.32874
1.32757
1.32646
1.32541
1.32444
1.32353
1.32269
1.32191
1.32121
1.32057
1.31999
1.31948
1.31903
1.31865
1.31833
1.31808
1.31788
1.31775
1.31767
1.31764
1.31768
1.31776
1.3179
1.31808
1.31831
1.31858
1.3189
1.31926
1.31966
1.3201
1.32057
1.32107
1.32161
1.32217
1.32275
1.32336
1.32399
1.32464
1.3253
1.32597
1.32665
1.32734
1.32804
1.32873
1.32943
1.33012
1.3308
1.33147
1.33214
1.33278
1.33342
1.33403
1.33462
1.33519
1.33573
1.33625
1.33673
1.33718
1.3376
1.33799
1.33833
1.33864
1.33891
1.33914
1.33932
1.33946
1.33956
1.33961
1.33962
1.33958
1.33949
1.33936
1.33918
1.33895
1.33867
1.33834
1.33796
1.33754
1.33707
1.33656
1.336
1.33539
1.33474
1.33406
1.33332
1.33255
1.33174
1.3309
1.33002
1.32911
1.32817
1.32721
1.32622
1.32521
1.32417
1.32313
1.32206
1.32099
1.31991
1.31883
1.31774
1.31666
1.31558
1.31452
1.31347
1.31243
1.31142
1.31044
1.30948
1.30855
1.30767
1.30682
1.30602
1.30526
1.30456
1.30391
1.30331
1.30278
1.3023
1.30189
1.30154
1.30125
1.30104
1.3009
1.30082
1.30082
1.30089
1.30104
1.30126
1.30155
1.30192
1.30235
1.30286
1.30344
1.30409
1.30481
1.3056
1.30644
1.30735
1.30832
1.30935
1.31042
1.31155
1.31272
1.31393
1.31519
1.31647
1.31779
1.31913
1.32049
1.32186
1.32325
1.32465
1.32604
1.32744
1.32882
1.3302
1.33156
1.3329
1.33421
1.3355
1.33675
1.33797
1.33915
1.34029
1.34139
1.34244
1.34345
1.34441
1.34533
1.3462
1.34702
1.3478
1.34854
1.34923
1.34989
1.35051
1.3511
1.35167
1.35221
1.35273
1.35323
1.35372
1.35421
1.3547
1.35518
1.35568
1.35619
1.35671
1.35726
1.35783
1.35843
1.35905
1.35971
1.36041
1.36114
1.3619
1.3627
1.36354
1.36442
1.36533
1.36628
1.36726
1.36827
1.36931
1.37038
1.37146
1.37257
1.3737
1.37484
1.37598
1.37713
1.37827
1.37942
1.38055
1.38167
1.38278
1.38387
1.38494
1.38599
1.387
1.38799
1.38894
1.38986
1.39074
1.39159
1.39239
1.39315
1.39387
1.39454
1.39517
1.39575
1.39629
1.39677
1.39721
1.3976
1.39793
1.39822
1.39847
1.39866
1.3988
1.39889
1.39893
1.39893
1.39888
1.39878
1.39863
1.39844
1.3982
1.39792
1.3976
1.39724
1.39684
1.3964
1.39592
1.39541
1.39486
1.39428
1.39367
1.39303
1.39237
1.39167
1.39095
1.39021
1.38944
1.38865
1.38784
1.38701
1.38617
1.38531
1.38443
1.38354
1.38264
1.38172
1.38079
1.37985
1.37889
1.37792
1.37694
1.37595
1.37495
1.37394
1.37291
1.37188
1.37083
1.36978
1.36871
1.36763
1.36654
1.36544
1.36432
1.3632
1.36207
1.36093
1.35977
1.35861
1.35744
1.35627
1.35509
1.35391
1.35272
1.35153
1.35035
1.34917
1.34799
1.34682
1.34567
1.34453
1.34341
1.34231
1.34124
1.3402
1.33918
1.33821
1.33728
1.33638
1.33554
1.33475
1.33402
1.33334
1.33273
1.33218
1.33169
1.33129
1.33095
1.33069
1.33052
1.33042
1.3304
1.33046
1.33061
1.33084
1.33116
1.33155
1.33203
1.33259
1.33323
1.33395
1.33474
1.33561
1.33655
1.33756
1.33864
1.33978
1.34099
1.34226
1.34357
1.34495
1.34637
1.34784
1.34935
1.35089
1.35248
1.35409
1.35573
1.35739
1.35907
1.36077
1.36248
1.3642
1.36592
1.36765
1.36938
1.3711
1.37281
1.37452
1.3762
1.37787
1.37952
1.38115
1.38275
1.38432
1.38586
1.38737
1.38884
1.39028
1.39167
1.39302
1.39433
1.39559
1.3968
1.39795
1.39906
1.40011
1.4011
1.40203
1.4029
1.40371
1.40445
1.40513
1.40574
1.40629
1.40676
1.40717
1.40751
1.40779
1.40799
1.40811
1.40817
1.40816
1.40808
1.40793
1.40772
1.40744
1.40709
1.40669
1.40622
1.4057
1.40512
1.4045
1.40383
1.40311
1.40236
1.40157
1.40076
1.39991
1.39905
1.39818
1.39729
1.3964
1.3955
1.39461
1.39374
1.39287
1.39202
1.3912
1.3904
1.38963
1.38889
1.38819
1.38752
1.3869
1.38631
1.38577
1.38526
1.38479
1.38436
1.38398
1.38363
1.38331
1.38302
1.38277
1.38254
1.38233
1.38214
1.38197
1.38181
1.38165
1.3815
1.38135
1.38118
1.38101
1.38083
1.38062
1.3804
1.38015
1.39991
1.39981
1.39968
1.3995
1.39928
1.39901
1.3987
1.39834
1.39793
1.39748
1.39698
1.39643
1.39584
1.39521
1.39453
1.39382
1.39307
1.39229
1.39149
1.39065
1.3898
1.38893
1.38805
1.38716
1.38628
1.38539
1.38451
1.38365
1.3828
1.38197
1.38117
1.3804
1.37966
1.37896
1.37831
1.3777
1.37715
1.37664
1.37619
1.3758
1.37546
1.37519
1.37497
1.37482
1.37473
1.3747
1.37473
1.37482
1.37497
1.37517
1.37542
1.37572
1.37607
1.37646
1.3769
1.37736
1.37786
1.37839
1.37894
1.37951
1.38009
1.38068
1.38128
1.38188
1.38249
1.38308
1.38367
1.38425
1.38481
1.38535
1.38588
1.38638
1.38686
1.38731
1.38774
1.38814
1.38851
1.38885
1.38915
1.38943
1.38968
1.3899
1.3901
1.39027
1.39041
1.39054
1.39064
1.39071
1.39077
1.39082
1.39084
1.39086
1.39086
1.39086
1.39085
1.39084
1.39082
1.39081
1.39079
1.39078
1.39077
1.39077
1.39078
1.3908
1.39082
1.39086
1.3909
1.39096
1.39103
1.39111
1.3912
1.3913
1.39141
1.39154
1.39168
1.39182
1.39198
1.39214
1.39232
1.3925
1.39269
1.39289
1.3931
1.39331
1.39353
1.39376
1.39399
1.39423
1.39447
1.39472
1.39497
1.39523
1.39549
1.39575
1.39602
1.39629
1.39657
1.39686
1.39715
1.39744
1.39774
1.39805
1.39836
1.39867
1.399
1.39933
1.39966
1.40001
1.40036
1.40071
1.40107
1.40144
1.40181
1.40218
1.40256
1.40294
1.40333
1.40371
1.40409
1.40448
1.40486
1.40524
1.40562
1.406
1.40637
1.40675
1.40711
1.40748
1.40784
1.40819
1.40855
1.40889
1.40924
1.40958
1.40992
1.41025
1.41059
1.41092
1.41126
1.4116
1.41194
1.41228
1.41264
1.41299
1.41335
1.41372
1.4141
1.41448
1.41487
1.41527
1.41567
1.41609
1.4165
1.41693
1.41735
1.41779
1.41822
1.41866
1.41909
1.41952
1.41996
1.42038
1.4208
1.42121
1.42161
1.42199
1.42236
1.42272
1.42305
1.42337
1.42367
1.42394
1.42419
1.42442
1.42462
1.4248
1.42495
1.42508
1.42518
1.42526
1.42531
1.42533
1.42534
1.42531
1.42527
1.42521
1.42513
1.42503
1.42492
1.42479
1.42464
1.42449
1.42432
1.42414
1.42396
1.42376
1.42356
1.42336
1.42315
1.42293
1.42271
1.42249
1.42226
1.42203
1.42181
1.42158
1.42134
1.4211
1.42086
1.42062
1.42037
1.42012
1.41986
1.4196
1.41934
1.41907
1.4188
1.41852
1.41824
1.41795
1.41766
1.41736
1.41707
1.41677
1.41647
1.41618
1.41589
1.41561
1.41533
1.41506
1.41481
1.41458
1.41436
1.41416
1.41398
1.41383
1.41371
1.41362
1.41357
1.41355
1.41357
1.41363
1.41374
1.41389
1.41409
1.41433
1.41463
1.41498
1.41537
1.41582
1.41632
1.41687
1.41747
1.41811
1.4188
1.41954
1.42032
1.42114
1.422
1.42289
1.42382
1.42476
1.42574
1.42673
1.42773
1.42874
1.42976
1.43079
1.4318
1.43282
1.43382
1.4348
1.43577
1.43671
1.43762
1.43851
1.43935
1.44017
1.44093
1.44166
1.44233
1.44295
1.44352
1.44403
1.44448
1.44486
1.44518
1.44544
1.44562
1.44573
1.44576
1.44572
1.4456
1.44541
1.44513
1.44477
1.44433
1.44381
1.4432
1.44251
1.44173
1.44087
1.43992
1.43889
1.43778
1.43658
1.4353
1.43394
1.4325
1.43099
1.4294
1.42773
1.42599
1.42418
1.4223
1.42036
1.41835
1.41629
1.41417
1.412
1.40978
1.40751
1.4052
1.40286
1.40048
1.39808
1.39565
1.3932
1.39074
1.38826
1.38578
1.3833
1.38082
1.37835
1.37589
1.37345
1.37103
1.36865
1.3663
1.36398
1.36171
1.35949
1.35732
1.35521
1.35316
1.35118
1.34927
1.34743
1.34566
1.34398
1.34238
1.34087
1.33944
1.33811
1.33686
1.33571
1.33465
1.33368
1.33281
1.33203
1.33134
1.33075
1.33025
1.32983
1.32951
1.32926
1.32911
1.32903
1.32903
1.32912
1.32928
1.32951
1.32981
1.33019
1.33063
1.33113
1.3317
1.33233
1.33303
1.33378
1.33459
1.33546
1.33639
1.33737
1.3384
1.33949
1.34062
1.3418
1.34303
1.3443
1.34561
1.34696
1.34835
1.34977
1.35122
1.35269
1.35418
1.35569
1.35722
1.35875
1.36028
1.36182
1.36335
1.36487
1.36637
1.36786
1.36932
1.37076
1.37216
1.37353
1.37486
1.37615
1.37739
1.37858
1.37973
1.38082
1.38186
1.38285
1.38378
1.38466
1.38548
1.38625
1.38697
1.38763
1.38825
1.38881
1.38933
1.38981
1.39025
1.39065
1.39102
1.39137
1.39169
1.39199
1.39227
1.39255
1.39282
1.39308
1.39335
1.39362
1.3939
1.3942
1.39452
1.39487
1.39525
1.39565
1.3961
1.39659
1.39713
1.39771
1.39835
1.39904
1.3998
1.40061
1.40148
1.40242
1.40341
1.40448
1.4056
1.40679
1.40804
1.40935
1.41071
1.41213
1.4136
1.41511
1.41667
1.41827
1.4199
1.42156
1.42324
1.42493
1.42664
1.42835
1.43005
1.43174
1.43341
1.43505
1.43665
1.43821
1.43972
1.44117
1.44255
1.44385
1.44507
1.44619
1.44722
1.44813
1.44893
1.44961
1.45016
1.45057
1.45084
1.45097
1.45093
1.45074
1.45038
1.44985
1.44915
1.44827
1.4472
1.44596
1.44452
1.4429
1.44108
1.43907
1.43686
1.43446
1.43186
1.42907
1.42608
1.4229
1.41952
1.41596
1.41221
1.40827
1.40416
1.39987
1.39542
1.3908
1.38602
1.38109
1.37602
1.37081
1.36547
1.36
1.35442
1.34873
1.34295
1.33709
1.33114
1.32513
1.31907
1.31296
1.30682
1.30066
1.29449
1.28832
1.28217
1.27604
1.26996
1.26392
1.25795
1.25206
1.24625
1.24055
1.23495
1.22947
1.22413
1.21893
1.21388
1.209
1.20429
1.19976
1.19541
1.19127
1.18732
1.18359
1.18006
1.17676
1.17368
1.17082
1.1682
1.1658
1.16364
1.16171
1.16001
1.15855
1.15732
1.15632
1.15554
1.15499
1.15467
1.15456
1.15467
1.15499
1.15552
1.15624
1.15716
1.15827
1.15956
1.16104
1.16268
1.16449
1.16647
1.1686
1.17089
1.17332
1.17589
1.17859
1.18143
1.18438
1.18746
1.19065
1.19394
1.19734
1.20084
1.20443
1.2081
1.21187
1.21571
1.21962
1.2236
1.22765
1.23176
1.23593
1.24014
1.24441
1.24871
1.25305
1.25743
1.26183
1.26627
1.27072
1.27518
1.27966
1.28415
1.28864
1.29314
1.29762
1.3021
1.30657
1.31102
1.31546
1.31987
1.32426
1.32862
1.33295
1.33725
1.34151
1.34573
1.34991
1.35404
1.35812
1.36215
1.36612
1.37004
1.3739
1.3777
1.38144
1.3851
1.3887
1.39222
1.39567
1.39904
1.40233
1.40554
1.40866
1.41168
1.41461
1.41745
1.42018
1.42281
1.42533
1.42774
1.43003
1.4322
1.43425
1.43617
1.43796
1.43962
1.44115
1.44253
1.44377
1.44487
1.44582
1.44662
1.44728
1.44778
1.44812
1.44832
1.44836
1.44825
1.44798
1.44756
1.44699
1.44628
1.44541
1.4444
1.44325
1.44197
1.44054
1.439
1.43733
1.43554
1.43364
1.43165
1.42956
1.42738
1.42511
1.42278
1.42039
1.41795
1.41546
1.41293
1.41038
1.40782
1.40526
1.4027
1.40015
1.39764
1.39517
1.39275
1.39039
1.38809
1.38588
1.38375
1.38172
1.3798
1.378
1.37632
1.37477
1.37336
1.37209
1.37098
1.37001
1.36921
1.36857
1.3681
1.36779
1.36765
1.36768
1.36788
1.36825
1.36879
1.36949
1.37035
1.37137
1.37254
1.37386
1.37531
1.37691
1.37863
1.38047
1.38242
1.38448
1.38664
1.38888
1.3912
1.39359
1.39605
1.39855
1.40109
1.40367
1.40626
1.40886
1.41147
1.41407
1.41664
1.4192
1.42171
1.42418
1.4266
1.42895
1.43124
1.43345
1.43557
1.43761
1.43955
1.4414
1.44313
1.44476
1.44628
1.44768
1.44896
1.45013
1.45117
1.45209
1.45288
1.45356
1.45411
1.45454
1.45485
1.45505
1.45513
1.45511
1.45498
1.45475
1.45442
1.454
1.45349
1.4529
1.45224
1.45151
1.45072
1.44987
1.44897
1.44803
1.44706
1.44606
1.44503
1.44399
1.44295
1.4419
1.44085
1.43981
1.43878
1.43778
1.43679
1.43583
1.4349
1.434
1.43314
1.43232
1.43154
1.4308
1.43011
1.42946
1.42886
1.42831
1.4278
1.42734
1.42692
1.42655
1.42622
1.42593
1.42567
1.42546
1.42527
1.42512
1.42501
1.42492
1.42485
1.42482
1.4248
1.42481
1.42484
1.42488
1.42494
1.42502
1.42511
1.42521
1.42532
1.42545
1.42559
1.42574
1.42589
1.42605
1.42623
1.42641
1.42659
1.42679
1.42699
1.42721
1.42743
1.42766
1.4279
1.42814
1.4284
1.42866
1.42894
1.42922
1.4295
1.4298
1.4301
1.43041
1.43072
1.43103
1.43134
1.43166
1.43197
1.43228
1.43258
1.43287
1.43316
1.43343
1.43369
1.43393
1.43415
1.43435
1.43452
1.43467
1.43478
1.43486
1.4349
1.4349
1.43486
1.43477
1.43463
1.43444
1.4342
1.4339
1.43355
1.43313
1.43265
1.4321
1.43148
1.4308
1.43003
1.4292
1.42829
1.42729
1.42623
1.42508
1.42385
1.42255
1.42116
1.41969
1.41814
1.4165
1.41479
1.413
1.41112
1.40917
1.40714
1.40503
1.40285
1.4006
1.39828
1.39589
1.39344
1.39092
1.38835
1.38572
1.38304
1.38031
1.37754
1.37473
1.37189
1.36901
1.36612
1.36321
1.36028
1.35735
1.35442
1.3515
1.34858
1.34569
1.34282
1.33998
1.33719
1.33444
1.33175
1.32911
1.32655
1.32406
1.32166
1.31934
1.31713
1.31501
1.31301
1.31112
1.30936
1.30772
1.30623
1.30487
1.30365
1.30258
1.30167
1.30091
1.30031
1.29987
1.29959
1.29947
1.29952
1.29973
1.30011
1.30064
1.30133
1.30218
