1.31826
1.34312
1.36797
1.38523
1.39109
1.38601
1.37366
1.35957
1.3482
1.34054
1.33489
1.33014
1.32789
1.33131
1.34223
1.35931
1.37853
1.39515
1.4054
1.40761
1.40246
1.39242
1.3802
1.36721
1.35357
1.33961
1.32727
1.31939
1.31795
1.32321
1.33437
1.35064
1.37159
1.39675
1.42469
1.45245
1.47625
1.49293
1.50119
1.50145
1.49503
1.48357
1.46893
1.45315
1.43786
1.42396
1.41133
1.39888
1.38502
1.36876
1.35109
1.33477
1.32282
1.31638
1.31473
1.31776
1.32799
1.34773
1.37432
1.40164
1.42566
1.44605
1.46353
1.47755
1.48593
1.48626
1.47687
1.45738
1.42827
1.39076
1.34775
1.30596
1.27615
1.26696
1.27707
1.29596
1.31248
1.32057
1.31978
1.31347
1.30706
1.306
1.31366
1.33046
1.35433
1.38194
1.4098
1.43452
1.45287
1.4622
1.46128
1.45119
1.43496
1.41578
1.39477
1.37073
1.34295
1.31488
1.29517
1.29345
1.31253
1.34578
1.38328
1.41888
1.45114
1.47922
1.4994
1.50585
1.49456
1.46646
1.42789
1.38855
1.35807
1.34203
1.33995
1.34665
1.35604
1.36421
1.37031
1.37539
1.38046
1.38549
1.38971
1.39201
1.39134
1.38706
1.37938
1.36953
1.35919
1.34981
1.34303
1.34116
1.34612
1.35759
1.37353
1.39178
1.41026
1.42628
1.43742
1.44291
1.44383
1.44207
1.43925
1.43571
1.43017
1.42019
1.40327
1.37825
1.34608
1.30957
1.27283
1.24102
1.22018
1.21605
1.23196
1.26695
1.31503
1.36637
1.41005
1.43761
1.44557
1.43672
1.41959
1.40505
1.39993
1.40269
1.40626
1.4052
1.3995
1.39342
1.39142
1.39473
1.40177
1.41077
1.42119
1.43333
1.44702
1.46021
1.4688
1.46828
1.45578
1.43135
1.39825
1.36196
1.328
1.29977
1.27799
1.2626
1.25609
1.26426
1.28978
1.32673
1.36499
1.39721
1.42012
1.43303
1.43687
1.43335
1.42425
1.41083
1.39393
1.37455
1.35474
1.33712
1.32361
1.31445
1.30903
1.3074
1.31084
1.32127
1.33959
1.36426
1.39161
1.4176
1.43922
1.45426
1.46089
1.45783
1.4458
1.42834
1.41065
1.39746
1.39132
1.39209
1.39806
1.40798
1.42121
1.43616
1.45008
1.46015
1.46461
1.46343
1.45874
1.45441
1.45402
1.45856
1.46626
1.47462
1.48203
1.48791
1.49188
1.49316
1.48972
1.47777
1.45325
1.41454
1.36461
1.31073
1.26203
1.22583
1.20495
1.19728
1.1974
1.19994
1.20307
1.20953
1.22387
1.24847
1.28227
1.32209
1.36429
1.40521
1.44113
1.46831
1.48302
1.48212
1.46453
1.43299
1.39401
1.35614
1.32705
1.31145
1.31053
1.32259
1.34416
1.37064
1.39672
1.41712
1.42739
1.42483
1.40912
1.38233
1.3491
1.31602
1.29029
1.27739
1.2791
1.29333
1.31536
1.33971
1.36189
1.37936
1.39165
1.39953
1.40434
1.40724
1.40878
1.40869
1.40618
1.40042
1.39084
1.37744
1.36121
1.34475
1.33203
1.32715
1.33278
1.34934
1.37447
1.40311
1.42848
1.44379
1.44393
1.42712
1.39654
1.3599
1.3261
1.30164
1.28929
1.28881
1.29806
1.31408
1.33408
1.35594
1.37773
1.3975
1.4142
1.42835
1.44132
1.45398
1.4659
1.47576
1.48203
1.48291
1.47662
1.46238
1.44166
1.41832
1.3973
1.38254
1.37507
1.37278
1.3722
1.37078
1.36847
1.36727
1.36884
1.37247
1.37539
1.37457
1.3685
1.35784
1.3451
1.33291
1.32275
1.31501
1.3107
1.3125
1.3242
1.34865
1.3851
1.42823
1.46954
1.50018
1.51376
1.50776
1.48356
1.44571
1.40099
1.35741
1.32225
1.30004
1.29182
1.29619
1.31074
1.33261
1.35811
1.38256
1.40123
1.41093
1.41093
1.40237
1.38717
1.36724
1.3449
1.32393
1.30896
1.30287
1.3051
1.31284
1.32291
1.33321
1.34311
1.35346
1.36642
1.38434
1.40777
1.43384
1.45761
1.47497
1.48401
1.48492
1.47925
1.4691
1.45603
1.44079
1.42447
1.40978
1.3997
1.39456
1.39093
1.38312
1.36662
1.34195
1.31649
1.3015
1.30543
1.32867
1.36437
1.40324
1.43754
1.46219
1.4745
1.47407
1.46262
1.44319
1.41863
1.39071
1.36075
1.33109
1.30576
1.28913
1.2832
1.28578
1.29189
1.2971
1.29982
1.30211
1.30883
1.32406
1.34653
1.36957
1.3858
1.39118
1.38599
1.37332
1.35718
1.34078
1.32583
1.31338
1.30522
1.30454
1.31504
1.33871
1.37385
1.41475
1.45325
1.48159
1.49489
1.49222
1.47606
1.45099
1.42244
1.39554
1.3741
1.36031
1.35503
1.35821
1.3687
1.38368
1.39856
1.40843
1.41028
1.40467
1.39487
1.3841
1.37335
1.36165
1.34824
1.33424
1.32263
1.31702
1.32003
1.3318
1.34976
1.36957
1.38698
1.39927
1.40565
1.40643
1.4021
1.39295
1.37938
1.36293
1.34691
1.33613
1.33433
1.34184
1.35547
1.37005
1.38034
1.38266
1.37651
1.36509
1.35408
1.3491
1.3534
1.3667
1.38551
1.40476
1.41991
1.42867
1.43175
1.4324
1.43482
1.44205
1.45408
1.46811
1.48019
1.48729
1.48879
1.48629
1.48254
1.47983
1.47905
1.47917
1.47778
1.47224
1.46103
1.44494
1.42678
1.40939
1.39389
1.38001
1.36743
1.35665
1.34852
1.34346
1.34113
1.34068
1.34084
1.33981
1.33526
1.32494
1.30767
1.28461
1.26017
1.24134
1.23484
1.24332
1.26377
1.28948
1.31399
1.33393
1.34944
1.36241
1.37423
1.38419
1.38941
1.38639
1.37305
1.34991
1.32011
1.28864
1.26148
1.24488
1.24362
1.25901
1.2882
1.32542
1.36391
1.39777
1.42332
1.43968
1.44848
1.45254
1.45441
1.45564
1.4569
1.45848
1.46009
1.46058
1.45834
1.45231
1.44275
1.43106
1.4193
1.41041
1.40783
1.41402
1.42759
1.44258
1.45166
1.45059
1.44013
1.42423
1.40689
1.3904
1.37526
1.36159
1.3498
1.34001
1.33113
1.32062
1.30591
1.28692
1.2672
1.25237
1.24643
1.24962
1.25894
1.2707
1.28285
1.29572
1.31185
1.33481
1.36667
1.4055
1.44537
1.47874
1.49966
1.5062
1.5008
1.48876
1.47578
1.46605
1.46148
1.4621
1.46669
1.47303
1.47818
1.47889
1.47184
1.45432
1.42501
1.38563
1.34222
1.30443
1.28153
1.27769
1.29014
1.31099
1.3311
1.34429
1.34945
1.34979
1.34967
1.35194
1.35643
1.36061
1.3624
1.36298
1.36632
1.37565
1.39037
1.40631
1.41819
1.42178
1.41487
1.39739
1.3713
1.34
1.30843
1.28363
1.27349
1.28257
1.30863
1.34397
1.38074
1.41497
1.4458
1.4727
1.49408
1.50801
1.51304
1.50879
1.4963
1.47752
1.45451
1.42938
1.40532
1.38672
1.37756
1.3794
1.39051
1.40663
1.42258
1.43451
1.44134
1.44486
1.44804
1.45311
1.46069
1.46984
1.47811
1.48168
1.47678
1.46088
1.43276
1.39246
1.34251
1.2896
1.24376
1.21411
1.20467
1.21331
1.23323
1.25533
1.27077
1.27424
1.26581
1.25015
1.23436
1.22525
1.22765
1.24342
1.27103
1.30598
1.34258
1.37601
1.40375
1.42511
1.43974
1.44666
1.44445
1.43266
1.41343
1.39169
1.37382
1.36467
1.3647
1.36974
1.37376
1.37226
1.3645
1.35355
1.34436
1.34115
1.34534
1.35527
1.36714
1.37694
1.38304
1.38736
1.39377
1.40437
1.41718
1.42812
1.43421
1.43497
1.43156
1.42583
1.42035
1.41856
1.424
1.43818
1.4598
1.48514
1.50968
1.52945
1.54145
1.54336
1.53333
1.51051
1.47623
1.43609
1.39961
1.37529
1.36528
1.36558
1.37018
1.37465
1.37763
1.38017
1.38439
1.39204
1.40343
1.41674
1.42852
1.43529
1.43479
1.42596
1.4085
1.38303
1.3523
1.32147
1.29614
1.2796
1.2722
1.2728
1.27947
1.28972
1.30081
1.31039
1.31684
1.31909
1.31657
1.30952
1.29955
1.28991
1.28567
1.2917
1.30903
1.33271
1.35473
1.36928
1.37514
1.37495
1.37302
1.37326
1.37838
1.38983
1.40736
1.42825
1.44756
1.45982
1.46147
1.45213
1.43418
1.41109
1.38592
1.36106
1.33878
1.32146
1.31128
1.3097
1.31742
1.33435
1.35905
1.38789
1.41539
1.43578
1.44542
1.44365
1.43246
1.41485
1.39358
1.37008
1.34477
1.31834
1.29463
1.28205
1.28837
1.31183
1.34151
1.36682
1.38325
1.39136
1.39381
1.39295
1.38957
1.38301
1.37233
1.35761
1.34137
1.32832
1.32361
1.33061
1.34938
1.37713
1.40961
1.4422
1.47055
1.49103
1.50131
1.50086
1.49069
1.47264
1.44853
1.42028
1.39068
1.36433
1.34715
1.34367
1.35351
1.37052
1.38603
1.39317
1.38879
1.37362
1.35151
1.32853
1.31126
1.30436
1.30885
1.32225
1.33966
1.35535
1.3639
1.36078
1.34313
1.31117
1.27011
1.23073
1.20683
1.20972
1.24221
1.29714
1.36182
1.42415
1.47582
1.51249
1.53256
1.53616
1.52433
1.49834
1.45958
1.40984
1.35167
1.28941
1.23044
1.18563
1.16644
1.17806
1.21482
1.26374
1.31206
1.35192
1.38124
1.4021
1.41806
1.43134
1.44158
1.44651
1.44338
1.43036
1.40789
1.37963
1.35163
1.33003
1.31901
1.3199
1.3319
1.35311
1.38065
1.41029
1.43679
1.4557
1.46506
1.46584
1.46095
1.45326
1.44402
1.43281
1.41981
1.4084
1.40396
1.40862
1.4184
1.42668
1.42925
1.42627
1.42153
1.4202
1.42615
1.44008
1.45911
1.47767
1.48908
1.48739
1.46939
1.43578
1.3911
1.3427
1.29919
1.26835
1.25386
1.25257
1.25548
1.25263
1.23858
1.21603
1.19526
1.18696
1.1939
1.21128
1.23322
1.25611
1.27806
1.29741
1.31223
1.32103
1.32414
1.32444
1.32669
1.33507
1.35107
1.37334
1.39849
1.42195
1.43917
1.44738
1.44691
1.4405
1.4309
1.41943
1.40649
1.39316
1.38198
1.37563
1.38823
1.34832
1.28183
1.19068
1.0783
0.950365
0.81517
0.683422
0.566963
0.476361
0.418331
0.394076
0.399412
0.426507
0.466156
0.509725
0.550343
0.583335
0.606167
0.618129
0.619916
0.613255
0.600519
0.584377
0.567539
0.552462
0.541265
0.535731
0.537292
0.546956
0.565142
0.591449
0.62443
0.661611
0.699835
0.735805
0.766688
0.790459
0.806124
0.813751
0.814418
0.809919
0.802364
0.793852
0.785957
0.77952
0.774618
0.770781
0.76729
0.763509
0.758975
0.753431
0.746776
0.739081
0.730606
0.721787
0.713358
0.706295
0.701715
0.700572
0.70341
0.709976
0.719241
0.729741
0.74009
0.749464
0.757688
0.764987
0.771597
0.777394
0.781987
0.784867
0.785752
0.784635
0.781805
0.777623
0.772421
0.76628
0.759067
0.750696
0.741508
0.732379
0.724593
0.719411
0.717294
0.717514
0.718429
0.718081
0.714871
0.707937
0.697293
0.68383
0.66915
0.655226
0.643915
0.63658
0.63396
0.636147
0.642724
0.652904
0.665509
0.679003
0.691489
0.701005
0.705853
0.704935
0.698048
0.68596
0.670323
0.653465
0.638056
0.626833
0.622127
0.625415
0.637194
0.656819
0.682717
0.712615
0.743915
0.773991
0.800502
0.821673
0.836422
0.84447
0.846325
0.843124
0.836417
0.827943
0.819147
0.810797
0.802779
0.79429
0.784457
0.772919
0.760102
0.746951
0.734341
0.722645
0.711848
0.701885
0.692788
0.684634
0.677431
0.671164
0.665828
0.661752
0.659566
0.660076
0.663883
0.671108
0.681281
0.693542
0.706919
0.720577
0.733873
0.746216
0.756967
0.765208
0.769756
0.769412
0.763383
0.751879
0.736455
0.719823
0.705108
0.69457
0.688601
0.685838
0.684452
0.683454
0.683106
0.684415
0.688347
0.69515
0.704212
0.714394
0.724593
0.733957
0.741938
0.748097
0.752102
0.753858
0.753625
0.752015
0.750024
0.748709
0.748892
0.750833
0.754168
0.757984
0.761208
0.762984
0.762885
0.761018
0.75779
0.753523
0.748462
0.742895
0.737288
0.732208
0.728226
0.725647
0.72454
0.724682
0.725578
0.726563
0.727075
0.726799
0.725777
0.72429
0.722809
0.721981
0.722282
0.723865
0.726582
0.729917
0.733201
0.735883
0.737727
0.738829
0.739603
0.740427
0.741209
0.741275
0.739516
0.734981
0.727414
0.717377
0.706337
0.69625
0.68899
0.685801
0.68695
0.691673
0.69842
0.705335
0.710593
0.712887
0.711523
0.706499
0.69841
0.688328
0.677712
0.668266
0.661891
0.660333
0.664782
0.675473
0.691479
0.710967
0.731642
0.751326
0.768362
0.781733
0.790943
0.795987
0.797175
0.794947
0.789845
0.782532
0.773656
0.763946
0.754034
0.744482
0.735541
0.727218
0.71943
0.712265
0.706286
0.702642
0.702688
0.707363
0.716439
0.728263
0.74014
0.749264
0.753668
0.752831
0.74779
0.740719
0.73412
0.729847
0.728664
0.730027
0.732568
0.734748
0.735432
0.734252
0.731622
0.728374
0.725317
0.722784
0.720548
0.718094
0.715068
0.71164
0.708602
0.707148
0.708334
0.712454
0.71861
0.725078
0.730054
0.732202
0.730948
0.726469
0.719509
0.711025
0.701925
0.692901
0.684457
0.677017
0.671038
0.666999
0.665377
0.66664
0.67106
0.678522
0.688568
0.700527
0.713636
0.727118
0.74004
0.751338
0.759775
0.764201
0.76399
0.759414
0.751813
0.743124
0.735207
0.729316
0.725875
0.724813
0.72582
0.728484
0.732385
0.737099
0.742172
0.747056
0.751128
0.753616
0.753672
0.750489
0.743708
0.733586
0.721138
0.707986
0.695966
0.686671
0.681112
0.679499
0.681288
0.685339
0.690234
0.694638
0.697779
0.699658
0.70075
0.701621
0.70257
0.703636
0.704917
0.706832
0.710058
0.715152
0.722236
0.730755
0.739532
0.747175
0.752542
0.754977
0.75433
0.7508
0.744742
0.73674
0.727965
0.720382
0.716182
0.716525
0.720844
0.727365
0.734314
0.740695
0.746274
0.751313
0.756208
0.761319
0.76662
0.771568
0.775287
0.776826
0.775543
0.771169
0.763564
0.75273
0.738901
0.722782
0.705766
0.689794
0.676902
0.668696
0.665937
0.668622
0.676201
0.687646
0.701694
0.716707
0.730745
0.741936
0.749043
0.751863
0.751191
0.748235
0.74388
0.738475
0.732092
0.724989
0.717659
0.710774
0.705001
0.70088
0.698801
0.699034
0.701613
0.7062
0.712073
0.718234
0.72361
0.727301
0.728873
0.728299
0.725955
0.722522
0.718699
0.714875
0.711225
0.707687
0.704196
0.700791
0.697691
0.695195
0.693563
0.692991
0.693512
0.695052
0.697531
0.700864
0.70502
0.710025
0.715946
0.722783
0.73037
0.738155
0.745203
0.75027
0.752104
0.749638
0.742352
0.730549
0.715363
0.698806
0.683385
0.671677
0.665822
0.667083
0.675485
0.689842
0.708117
0.727914
0.747123
0.76436
0.779124
0.791519
0.801732
0.809693
0.815015
0.817109
0.815623
0.810596
0.802363
0.791447
0.778519
0.764238
0.749287
0.734268
0.719808
0.706446
0.694629
0.684884
0.677944
0.674865
0.676775
0.684152
0.696197
0.710568
0.724058
0.733625
0.737335
0.734705
0.726594
0.714739
0.701385
0.688886
0.679343
0.674433
0.675279
0.682131
0.694184
0.709524
0.725485
0.739166
0.748025
0.750519
0.746496
0.737613
0.727079
0.718572
0.714467
0.714798
0.718138
0.723038
0.728619
0.734487
0.740259
0.745421
0.749413
0.751921
0.752632
0.751147
0.746878
0.739467
0.729437
0.718446
0.709128
0.704063
0.704871
0.711574
0.722604
0.735396
0.74725
0.755848
0.75969
0.758099
0.751204
0.739953
0.726093
0.712062
0.700605
0.694157
0.694053
0.699999
0.710304
0.722707
0.735099
0.746027
0.754705
0.760962
0.765055
0.76756
0.76911
0.770138
0.770672
0.770394
0.768858
0.765696
0.760719
0.75387
0.745121
0.734364
0.721638
0.707458
0.693179
0.680965
0.673242
0.671619
0.676074
0.684913
0.695418
0.704799
0.710756
0.71183
0.707495
0.69831
0.686013
0.67332
0.663336
0.658609
0.660475
0.668848
0.682656
0.700486
0.720906
0.742486
0.763725
0.783
0.798661
0.809357
0.814271
0.813302
0.807199
0.797317
0.78528
0.772616
0.760536
0.749787
0.740697
0.732972
0.725876
0.718412
0.70964
0.69915
0.687268
0.675084
0.664196
0.656232
0.652361
0.653054
0.658144
0.667062
0.679253
0.694151
0.711067
0.72893
0.746079
0.760539
0.770318
0.773881
0.770467
0.760319
0.744719
0.725692
0.705653
0.687047
0.671978
0.662005
0.65795
0.659884
0.667257
0.678961
0.693728
0.710379
0.727877
0.745353
0.762021
0.776992
0.789349
0.7983
0.803378
0.804625
0.802601
0.798273
0.79273
0.786986
0.781689
0.776787
0.771488
0.764556
0.754706
0.741057
0.723484
0.702767
0.680601
0.659456
0.642086
0.630833
0.626905
0.630056
0.638848
0.651293
0.665491
0.67997
0.693904
0.707117
0.719887
0.732589
0.745344
0.757661
0.768455
0.776407
0.780439
0.780183
0.776053
0.76913
0.760882
0.752651
0.745501
0.740211
0.737351
0.73726
0.740119
0.745774
0.753411
0.761476
0.767913
0.77083
0.769093
0.762437
0.751576
0.738052
0.723893
0.711225
0.701724
0.696385
0.695406
0.69827
0.703944
0.711104
0.718337
0.724424
0.728386
0.72952
0.727426
0.721962
0.713372
0.702448
0.690728
0.680508
0.674076
0.672745
0.676475
0.684285
0.694801
0.706499
0.717809
0.727361
0.734278
0.738213
0.739284
0.737938
0.734788
0.73061
0.726143
0.722004
0.718761
0.716921
0.716959
0.719076
0.723067
0.728235
0.733454
0.737508
0.739444
0.738851
0.735942
0.731478
0.726609
0.72257
0.72037
0.720644
0.723504
0.728464
0.734552
0.740418
0.744626
0.746072
0.744204
0.739128
0.73148
0.722165
0.712263
0.703106
0.696385
0.693998
0.697536
0.707711
0.723999
0.74464
0.766965
0.788022
0.805126
0.816029
0.819111
0.813423
0.798883
0.776493
0.748317
0.717186
0.686319
0.658701
0.63691
0.623052
0.618454
0.623315
0.636469
0.655608
0.67788
0.700378
0.720528
0.736362
0.746682
0.751132
0.75022
0.74507
0.737321
0.728981
0.722135
0.71856
0.719165
0.7238
0.731516
0.741096
0.751592
0.762323
0.772953
0.78325
0.792908
0.801354
0.807688
0.810873
0.809957
0.804365
0.794169
0.78002
0.763019
0.744582
0.726197
0.709326
0.695101
0.683933
0.675539
0.669357
0.665156
0.663387
0.665007
0.670902
0.681179
0.694795
0.709695
0.723358
0.733551
0.73893
0.739339
0.735524
0.728694
0.720027
0.71043
0.700475
0.690652
0.681522
0.673796
0.668349
0.666095
0.667712
0.673334
0.68249
0.694169
0.706982
0.719542
0.730874
0.740542
0.748647
0.755441
0.761039
0.76528
0.767781
0.768258
0.766749
0.763673
0.759905
0.756358
0.75362
0.751633
0.749625
0.746332
0.740561
0.731702
0.720026
0.706761
0.693812
0.683223
0.676543
0.674445
0.676837
0.683185
0.692973
0.705724
0.720986
0.738079
0.755859
0.772659
0.78644
0.79527
0.797804
0.793863
0.784634
0.77243
0.759933
0.749319
0.741695
0.737279
0.735879
0.737266
0.741282
0.747662
0.755611
0.763614
0.769836
0.772644
0.770993
0.7646
0.753719
0.738943
0.721351
0.702574
0.68474
0.670044
0.660241
0.656192
0.657837
0.664457
0.674954
0.688092
0.702617
0.717248
0.730773
0.742053
0.749957
0.753363
0.751565
0.74464
0.733542
0.719974
0.706073
0.69393
0.685081
0.68047
0.680563
0.685372
0.6945
0.706993
0.721395
0.735926
0.748942
0.759172
0.766016
0.769636
0.770797
0.770388
0.768988
0.766781
0.763784
0.760053
0.755804
0.751261
0.746552
0.741526
0.735993
0.729811
0.723116
0.716353
0.710158
0.705177
0.701856
0.700296
0.700196
0.700862
0.701302
0.700468
0.69765
0.692725
0.686318
0.679601
0.67387
0.670045
0.668387
0.668565
0.670113
0.672711
0.676278
0.680861
0.68635
0.69239
0.698389
0.703683
0.707837
0.710924
0.713695
0.717351
0.723003
0.731253
0.741911
0.754002
0.766104
0.776677
0.784386
0.788224
0.787569
0.782217
0.772517
0.759366
0.744363
0.72963
0.717534
0.710191
0.708957
0.714156
0.724856
0.738979
0.753695
1.31826
1.34312
1.36797
1.38523
1.39109
1.38601
1.37366
1.35957
1.3482
1.34054
1.33489
1.33014
1.32789
1.33131
1.34223
1.35931
1.37853
1.39515
1.4054
1.40761
1.40246
1.39242
1.3802
1.36721
1.35357
1.33961
1.32727
1.31939
1.31795
1.32321
1.33437
1.35064
1.37159
1.39675
1.42469
1.45245
1.47625
1.49293
1.50119
1.50145
1.49503
1.48357
1.46893
1.45315
1.43786
1.42396
1.41133
1.39888
1.38502
1.36876
1.35109
1.33477
1.32282
1.31638
1.31473
1.31776
1.32799
1.34773
1.37432
1.40164
1.42566
1.44605
1.46353
1.47755
1.48593
1.48626
1.47687
1.45738
1.42827
1.39076
1.34775
1.30596
1.27615
1.26696
1.27707
1.29596
1.31248
1.32057
1.31978
1.31347
1.30706
1.306
1.31366
1.33046
1.35433
1.38194
1.4098
1.43452
1.45287
1.4622
1.46128
1.45119
1.43496
1.41578
1.39477
1.37073
1.34295
1.31488
1.29517
1.29345
1.31253
1.34578
1.38328
1.41888
1.45114
1.47922
1.4994
1.50585
1.49456
1.46646
1.42789
1.38855
1.35807
1.34203
1.33995
1.34665
1.35604
1.36421
1.37031
1.37539
1.38046
1.38549
1.38971
1.39201
1.39134
1.38706
1.37938
1.36953
1.35919
1.34981
1.34303
1.34116
1.34612
1.35759
1.37353
1.39178
1.41026
1.42628
1.43742
1.44291
1.44383
1.44207
1.43925
1.43571
1.43017
1.42019
1.40327
1.37825
1.34608
1.30957
1.27283
1.24102
1.22018
1.21605
1.23196
1.26695
1.31503
1.36637
1.41005
1.43761
1.44557
1.43672
1.41959
1.40505
1.39993
1.40269
1.40626
1.4052
1.3995
1.39342
1.39142
1.39473
1.40177
1.41077
1.42119
1.43333
1.44702
1.46021
1.4688
1.46828
1.45578
1.43135
1.39825
1.36196
1.328
1.29977
1.27799
1.2626
1.25609
1.26426
1.28978
1.32673
1.36499
1.39721
1.42012
1.43303
1.43687
1.43335
1.42425
1.41083
1.39393
1.37455
1.35474
1.33712
1.32361
1.31445
1.30903
1.3074
1.31084
1.32127
1.33959
1.36426
1.39161
1.4176
1.43922
1.45426
1.46089
1.45783
1.4458
1.42834
1.41065
1.39746
1.39132
1.39209
1.39806
1.40798
1.42121
1.43616
1.45008
1.46015
1.46461
1.46343
1.45874
1.45441
1.45402
1.45856
1.46626
1.47462
1.48203
1.48791
1.49188
1.49316
1.48972
1.47777
1.45325
1.41454
1.36461
1.31073
1.26203
1.22583
1.20495
1.19728
1.1974
1.19994
1.20307
1.20953
1.22387
1.24847
1.28227
1.32209
1.36429
1.40521
1.44113
1.46831
1.48302
1.48212
1.46453
1.43299
1.39401
1.35614
1.32705
1.31145
1.31053
1.32259
1.34416
1.37064
1.39672
1.41712
1.42739
1.42483
1.40912
1.38233
1.3491
1.31602
1.29029
1.27739
1.2791
1.29333
1.31536
1.33971
1.36189
1.37936
1.39165
1.39953
1.40434
1.40724
1.40878
1.40869
1.40618
1.40042
1.39084
1.37744
1.36121
1.34475
1.33203
1.32715
1.33278
1.34934
1.37447
1.40311
1.42848
1.44379
1.44393
1.42712
1.39654
1.3599
1.3261
1.30164
1.28929
1.28881
1.29806
1.31408
1.33408
1.35594
1.37773
1.3975
1.4142
1.42835
1.44132
1.45398
1.4659
1.47576
1.48203
1.48291
1.47662
1.46238
1.44166
1.41832
1.3973
1.38254
1.37507
1.37278
1.3722
1.37078
1.36847
1.36727
1.36884
1.37247
1.37539
1.37457
1.3685
1.35784
1.3451
1.33291
1.32275
1.31501
1.3107
1.3125
1.3242
1.34865
1.3851
1.42823
1.46954
1.50018
1.51376
1.50776
1.48356
1.44571
1.40099
1.35741
1.32225
1.30004
1.29182
1.29619
1.31074
1.33261
1.35811
1.38256
1.40123
1.41093
1.41093
1.40237
1.38717
1.36724
1.3449
1.32393
1.30896
1.30287
1.3051
1.31284
1.32291
1.33321
1.34311
1.35346
1.36642
1.38434
1.40777
1.43384
1.45761
1.47497
1.48401
1.48492
1.47925
1.4691
1.45603
1.44079
1.42447
1.40978
1.3997
1.39456
1.39093
1.38312
1.36662
1.34195
1.31649
1.3015
1.30543
1.32867
1.36437
1.40324
1.43754
1.46219
1.4745
1.47407
1.46262
1.44319
1.41863
1.39071
1.36075
1.33109
1.30576
1.28913
1.2832
1.28578
1.29189
1.2971
1.29982
1.30211
1.30883
1.32406
1.34653
1.36957
1.3858
1.39118
1.38599
1.37332
1.35718
1.34078
1.32583
1.31338
1.30522
1.30454
1.31504
1.33871
1.37385
1.41475
1.45325
1.48159
1.49489
1.49222
1.47606
1.45099
1.42244
1.39554
1.3741
1.36031
1.35503
1.35821
1.3687
1.38368
1.39856
1.40843
1.41028
1.40467
1.39487
1.3841
1.37335
1.36165
1.34824
1.33424
1.32263
1.31702
1.32003
1.3318
1.34976
1.36957
1.38698
1.39927
1.40565
1.40643
1.4021
1.39295
1.37938
1.36293
1.34691
1.33613
1.33433
1.34184
1.35547
1.37005
1.38034
1.38266
1.37651
1.36509
1.35408
1.3491
1.3534
1.3667
1.38551
1.40476
1.41991
1.42867
1.43175
1.4324
1.43482
1.44205
1.45408
1.46811
1.48019
1.48729
1.48879
1.48629
1.48254
1.47983
1.47905
1.47917
1.47778
1.47224
1.46103
1.44494
1.42678
1.40939
1.39389
1.38001
1.36743
1.35665
1.34852
1.34346
1.34113
1.34068
1.34084
1.33981
1.33526
1.32494
1.30767
1.28461
1.26017
1.24134
1.23484
1.24332
1.26377
1.28948
1.31399
1.33393
1.34944
1.36241
1.37423
1.38419
1.38941
1.38639
1.37305
1.34991
1.32011
1.28864
1.26148
1.24488
1.24362
1.25901
1.2882
1.32542
1.36391
1.39777
1.42332
1.43968
1.44848
1.45254
1.45441
1.45564
1.4569
1.45848
1.46009
1.46058
1.45834
1.45231
1.44275
1.43106
1.4193
1.41041
1.40783
1.41402
1.42759
1.44258
1.45166
1.45059
1.44013
1.42423
1.40689
1.3904
1.37526
1.36159
1.3498
1.34001
1.33113
1.32062
1.30591
1.28692
1.2672
1.25237
1.24643
1.24962
1.25894
1.2707
1.28285
1.29572
1.31185
1.33481
1.36667
1.4055
1.44537
1.47874
1.49966
1.5062
1.5008
1.48876
1.47578
1.46605
1.46148
1.4621
1.46669
1.47303
1.47818
1.47889
1.47184
1.45432
1.42501
1.38563
1.34222
1.30443
1.28153
1.27769
1.29014
1.31099
1.3311
1.34429
1.34945
1.34979
1.34967
1.35194
1.35643
1.36061
1.3624
1.36298
1.36632
1.37565
1.39037
1.40631
1.41819
1.42178
1.41487
1.39739
1.3713
1.34
1.30843
1.28363
1.27349
1.28257
1.30863
1.34397
1.38074
1.41497
1.4458
1.4727
1.49408
1.50801
1.51304
1.50879
1.4963
1.47752
1.45451
1.42938
1.40532
1.38672
1.37756
1.3794
1.39051
1.40663
1.42258
1.43451
1.44134
1.44486
1.44804
1.45311
1.46069
1.46984
1.47811
1.48168
1.47678
1.46088
1.43276
1.39246
1.34251
1.2896
1.24376
1.21411
1.20467
1.21331
1.23323
1.25533
1.27077
1.27424
1.26581
1.25015
1.23436
1.22525
1.22765
1.24342
1.27103
1.30598
1.34258
1.37601
1.40375
1.42511
1.43974
1.44666
1.44445
1.43266
1.41343
1.39169
1.37382
1.36467
1.3647
1.36974
1.37376
1.37226
1.3645
1.35355
1.34436
1.34115
1.34534
1.35527
1.36714
1.37694
1.38304
1.38736
1.39377
1.40437
1.41718
1.42812
1.43421
1.43497
1.43156
1.42583
1.42035
1.41856
1.424
1.43818
1.4598
1.48514
1.50968
1.52945
1.54145
1.54336
1.53333
1.51051
1.47623
1.43609
1.39961
1.37529
1.36528
1.36558
1.37018
1.37465
1.37763
1.38017
1.38439
1.39204
1.40343
1.41674
1.42852
1.43529
1.43479
1.42596
1.4085
1.38303
1.3523
1.32147
1.29614
1.2796
1.2722
1.2728
1.27947
1.28972
1.30081
1.31039
1.31684
1.31909
1.31657
1.30952
1.29955
1.28991
1.28567
1.2917
1.30903
1.33271
1.35473
1.36928
1.37514
1.37495
1.37302
1.37326
1.37838
1.38983
1.40736
1.42825
1.44756
1.45982
1.46147
1.45213
1.43418
1.41109
1.38592
1.36106
1.33878
1.32146
1.31128
1.3097
1.31742
1.33435
1.35905
1.38789
1.41539
1.43578
1.44542
1.44365
1.43246
1.41485
1.39358
1.37008
1.34477
1.31834
1.29463
1.28205
1.28837
1.31183
1.34151
1.36682
1.38325
1.39136
1.39381
1.39295
1.38957
1.38301
1.37233
1.35761
1.34137
1.32832
1.32361
1.33061
1.34938
1.37713
1.40961
1.4422
1.47055
1.49103
1.50131
1.50086
1.49069
1.47264
1.44853
1.42028
1.39068
1.36433
1.34715
1.34367
1.35351
1.37052
1.38603
1.39317
1.38879
1.37362
1.35151
1.32853
1.31126
1.30436
1.30885
1.32225
1.33966
1.35535
1.3639
1.36078
1.34313
1.31117
1.27011
1.23073
1.20683
1.20972
1.24221
1.29714
1.36182
1.42415
1.47582
1.51249
1.53256
1.53616
1.52433
1.49834
1.45958
1.40984
1.35167
1.28941
1.23044
1.18563
1.16644
1.17806
1.21482
1.26374
1.31206
1.35192
1.38124
1.4021
1.41806
1.43134
1.44158
1.44651
1.44338
1.43036
1.40789
1.37963
1.35163
1.33003
1.31901
1.3199
1.3319
1.35311
1.38065
1.41029
1.43679
1.4557
1.46506
1.46584
1.46095
1.45326
1.44402
1.43281
1.41981
1.4084
1.40396
1.40862
1.4184
1.42668
1.42925
1.42627
1.42153
1.4202
1.42615
1.44008
1.45911
1.47767
1.48908
1.48739
1.46939
1.43578
1.3911
1.3427
1.29919
1.26835
1.25386
1.25257
1.25548
1.25263
1.23858
1.21603
1.19526
1.18696
1.1939
1.21128
1.23322
1.25611
1.27806
1.29741
1.31223
1.32103
1.32414
1.32444
1.32669
1.33507
1.35107
1.37334
1.39849
1.42195
1.43917
1.44738
1.44691
1.4405
1.4309
1.41943
1.40649
1.39316
1.38198
1.37563
