-3.84371
-3.84274
-3.84372
-3.8434
-3.84405
-3.84243
-3.84048
-3.84047
-3.84177
-3.8408
-3.8421
-3.84145
-3.8408
-3.8408
-3.8395
-3.83659
-3.83595
-3.83822
-3.8379
-3.83952
-3.83919
-3.83886
-3.83757
-3.83919
-3.83886
-3.84016
-3.84308
-3.84404
-3.84534
-3.84469
-3.84437
-3.84502
-3.8434
-3.84373
-3.84502
-3.84341
-3.84406
-3.84471
-3.84373
-3.84244
-3.84308
-3.84308
-3.84437
-3.8434
-3.84178
-3.8421
-3.84308
-3.84211
-3.84146
-3.84211
-3.84113
-3.84113
-3.84113
-3.84308
-3.84307
-3.84372
-3.84501
-3.84404
-3.84243
-3.84437
-3.84632
-3.8447
-3.84178
-3.84179
-3.84049
-3.84114
-3.84211
-3.84244
-3.84309
-3.84212
-3.84017
-3.84275
-3.84436
-3.84566
-3.846
-3.84601
-3.84407
-3.84342
-3.84277
-3.84309
-3.84114
-3.84276
-3.84438
-3.846
-3.84633
-3.84503
-3.84244
-3.84374
-3.84536
-3.84504
-3.84666
-3.8473
-3.84632
-3.84794
-3.84859
-3.84762
-3.84697
-3.84566
-3.84566
-3.84792
-3.84469
-3.84535
-3.84632
-3.84729
-3.84502
-3.84535
-3.84536
-3.84536
-3.8473
-3.84827
-3.84858
-3.84954
-3.84889
-3.8476
-3.84599
-3.8447
-3.84502
-3.846
-3.84438
-3.84341
-3.84308
-3.84146
-3.84114
-3.84114
-3.84244
-3.84341
-3.84406
-3.84341
-3.84405
-3.84373
-3.8447
-3.84308
-3.84146
-3.84113
-3.84081
-3.84308
-3.84308
-3.84082
-3.83952
-3.8379
-3.83887
-3.8421
-3.84243
-3.8447
-3.84373
-3.84308
-3.84082
-3.84179
-3.84114
-3.84373
-3.84372
-3.84274
-3.84436
-3.84468
-3.84468
-3.84339
-3.84437
-3.84341
-3.84374
-3.84245
-3.84245
-3.84373
-3.84631
-3.84599
-3.84793
-3.84923
-3.85021
-3.84762
-3.84697
-3.84696
-3.84631
-3.84729
-3.84534
-3.84405
-3.84502
-3.8434
-3.84405
-3.84567
-3.84535
-3.84308
-3.84535
-3.84438
-3.84373
-3.84404
-3.8421
-3.84372
-3.84372
-3.8434
-3.84339
-3.84436
-3.84307
-3.84405
-3.84471
-3.84406
-3.84471
-3.84309
-3.84406
-3.84405
-3.84373
-3.84308
-3.84308
-3.84146
-3.84081
-3.83887
-3.84114
-3.84276
-3.84179
-3.84243
-3.84178
-3.84178
-3.84146
-3.84114
-3.84244
-3.84277
-3.84115
-3.84115
-3.84277
-3.84244
-3.84179
-3.84016
-3.84178
-3.84145
-3.8421
-3.84113
-3.84016
-3.83789
-3.83919
-3.84081
-3.84308
-3.84308
-3.84373
-3.84405
-3.84341
-3.84405
-3.84081
-3.84211
-3.83985
-3.84244
-3.84147
-3.83855
-3.84082
-3.84212
-3.84277
-3.84375
-3.8431
-3.84439
-3.84536
-3.8447
-3.8447
-3.84696
-3.84923
-3.84859
-3.84795
-3.8473
-3.84698
-3.84438
-3.84373
-3.84406
-3.84438
-3.84471
-3.84406
-3.84504
-3.84504
-3.84537
-3.8431
-3.8457
-3.84764
-3.84472
-3.84471
-3.846
-3.8434
-3.84469
-3.84405
-3.84502
-3.84373
-3.84147
-3.84212
-3.83953
-3.84148
-3.84213
-3.84083
-3.84245
-3.84438
-3.84146
-3.84178
-3.84081
-3.84017
-3.8405
-3.8405
-3.8418
-3.84342
-3.84375
-3.84342
-3.84504
-3.84471
-3.84569
-3.84666
-3.84666
-3.84602
-3.8444
-3.84537
-3.84407
-3.84407
-3.84504
-3.84633
-3.84374
-3.84471
-3.84277
-3.8418
-3.84245
-3.84408
-3.84408
-3.84441
-3.84311
-3.84213
-3.83953
-3.83887
-3.8379
-3.84017
-3.84017
-3.84114
-3.84115
-3.8392
-3.8392
-3.83953
-3.84147
-3.8405
-3.8405
-3.84049
-3.8392
-3.8379
-3.83791
-3.83726
-3.84018
-3.84147
-3.84342
-3.84341
-3.84308
-3.84276
-3.84373
-3.84405
-3.84406
-3.84438
-3.84601
-3.84503
-3.84601
-3.84374
-3.84569
-3.84439
-3.84278
-3.8444
-3.8418
-3.84342
-3.84471
-3.84536
-3.84439
-3.84309
-3.84244
-3.84211
-3.84308
-3.84212
-3.84342
-3.84375
-3.84117
-3.84149
-3.84214
-3.84149
-3.84019
-3.84147
-3.84082
-3.84017
-3.84114
-3.84114
-3.83985
-3.83856
-3.84115
-3.84051
-3.83922
-3.83987
-3.84052
-3.84149
-3.84019
-3.84052
-3.84116
-3.84051
-3.83921
-3.83856
-3.83694
-3.83597
-3.83695
-3.83986
-3.84148
-3.84148
-3.84147
-3.84147
-3.8405
-3.83792
-3.83825
-3.83954
-3.84084
-3.84246
-3.84343
-3.84375
-3.84504
-3.84601
-3.84634
-3.84245
-3.84439
-3.84504
-3.8431
-3.84246
-3.83923
-3.8415
-3.84214
-3.8431
-3.84245
-3.84083
-3.84148
-3.84149
-3.84247
-3.84344
-3.84377
-3.84312
-3.84279
-3.84603
-3.84506
-3.84635
-3.84441
-3.84635
-3.8457
-3.84472
-3.84408
-3.84246
-3.84052
-3.84182
-3.84311
-3.84247
-3.84311
-3.84246
-3.84278
-3.84538
-3.84603
-3.84538
-3.84668
-3.84699
-3.84537
-3.84181
-3.84019
-3.83792
-3.84051
-3.84083
-3.84147
-3.84341
-3.84665
-3.84536
-3.84342
-3.84278
-3.84376
-3.84344
-3.84247
-3.84181
-3.8444
-3.84666
-3.84536
-3.84342
-3.84471
-3.84471
-3.84471
-3.84601
-3.84505
-3.84602
-3.84603
-3.84603
-3.84634
-3.84569
-3.84569
-3.84893
-3.85023
-3.84926
-3.84667
-3.84375
-3.84536
-3.8431
-3.84374
-3.84181
-3.84278
-3.84311
-3.8444
-3.84505
-3.84376
-3.84214
-3.84084
-3.84116
-3.84214
-3.84181
-3.84277
-3.84115
-3.8418
-3.8431
-3.84117
-3.84214
-3.84214
-3.84149
-3.84246
-3.84245
-3.8405
-3.83856
-3.8418
-3.84213
-3.84246
-3.8444
-3.84505
-3.84375
-3.84277
-3.84212
-3.84018
-3.84245
-3.8444
-3.84505
-3.84537
-3.8444
-3.84343
-3.84246
-3.8431
-3.84278
-3.84375
-3.84117
-3.84149
-3.84279
-3.84278
-3.84019
-3.83857
-3.83986
-3.8418
-3.84278
-3.84213
-3.8431
-3.84342
-3.84407
-3.84407
-3.84569
-3.84505
-3.84505
-3.84408
-3.84408
-3.84311
-3.84116
-3.83953
-3.83985
-3.84083
-3.84084
-3.84181
-3.84149
-3.84343
-3.84214
-3.84245
-3.84278
-3.84019
-3.84214
-3.84279
-3.84052
-3.84278
-3.8444
-3.84472
-3.84665
-3.84762
-3.84729
-3.84471
-3.84665
-3.84666
-3.84505
-3.8444
-3.84311
-3.84375
-3.8431
-3.84407
-3.84472
-3.8444
-3.84407
-3.84731
-3.84569
-3.8444
-3.84569
-3.84505
-3.84472
-3.84181
-3.83922
-3.83792
-3.83889
-3.83856
-3.83857
-3.84116
-3.83923
-3.83955
-3.8389
-3.83889
-3.84019
-3.84019
-3.84116
-3.84408
-3.84537
-3.84635
-3.84667
-3.84635
-3.84667
-3.84538
-3.84472
-3.84569
-3.84731
-3.84699
-3.84764
-3.84732
-3.8457
-3.84376
-3.84278
-3.84278
-3.84375
-3.84537
-3.84376
-3.84215
-3.84053
-3.84118
-3.84311
-3.84569
-3.84602
-3.84537
-3.84569
-3.84505
-3.84408
-3.84278
-3.83955
-3.84085
-3.84279
-3.84409
-3.84571
-3.84311
-3.84246
-3.84472
-3.84439
-3.84374
-3.8431
-3.84376
-3.84668
-3.8483
-3.84409
-3.84408
-3.84375
-3.8444
-3.84279
-3.84052
-3.84117
-3.84149
-3.84246
-3.8431
-3.84278
-3.84246
-3.84441
-3.84376
-3.84473
-3.84473
-3.84214
-3.84375
-3.84245
-3.84115
-3.84212
-3.84115
-3.8418
-3.84084
-3.84052
-3.8402
-3.83987
-3.84085
-3.8402
-3.84376
-3.84182
-3.84279
-3.84311
-3.84117
-3.84116
-3.84245
-3.84278
-3.84245
-3.8418
-3.84278
-3.8444
-3.84279
-3.84117
-3.83729
-3.83728
-3.8376
-3.83922
-3.83921
-3.83857
-3.83922
-3.84019
-3.83955
-3.84182
-3.84214
-3.8415
-3.84344
-3.84117
-3.84278
-3.84406
-3.84244
-3.84277
-3.84277
-3.84311
-3.84214
-3.84247
-3.84442
-3.84376
-3.8444
-3.84342
-3.84374
-3.84342
-3.8431
-3.84051
-3.84181
-3.84052
-3.84344
-3.84279
-3.84214
-3.84376
-3.84409
-3.84474
-3.84636
-3.84667
-3.84408
-3.84407
-3.84537
-3.84408
-3.84473
-3.84635
-3.84538
-3.84667
-3.84764
-3.84796
-3.84699
-3.84537
-3.8457
-3.84473
-3.84473
-3.84409
-3.84441
-3.84181
-3.83922
-3.83826
-3.84053
-3.84085
-3.84052
-3.84052
-3.84085
-3.84149
-3.84505
-3.8457
-3.84505
-3.84376
-3.84279
-3.84571
-3.84539
-3.84474
-3.84506
-3.84442
-3.84571
-3.84603
-3.84441
-3.84084
-3.84246
-3.84214
-3.84182
-3.84279
-3.84118
-3.8402
-3.83728
-3.83858
-3.84149
-3.84311
-3.84408
-3.84635
-3.84571
-3.84506
-3.84312
-3.84344
-3.84279
-3.84214
-3.84246
-3.84083
-3.84019
-3.84213
-3.84213
-3.84246
-3.84149
-3.84084
-3.8402
-3.83794
-3.83632
-3.83664
-3.83729
-3.83858
-3.83858
-3.83793
-3.83825
-3.83761
-3.83988
-3.84054
-3.84183
-3.84183
-3.84118
-3.83988
-3.83987
-3.83922
-3.84052
-3.84117
-3.84182
-3.84312
-3.84442
-3.84442
-3.84506
-3.84506
-3.84797
-3.84408
-3.84279
-3.84343
-3.84311
-3.8431
-3.8431
-3.84245
-3.84375
-3.84084
-3.84182
-3.8415
-3.84021
-3.84118
-3.84215
-3.84409
-3.84312
-3.8415
-3.84215
-3.84377
-3.84182
-3.84376
-3.8444
-3.84407
-3.84538
-3.8415
-3.84053
-3.8415
-3.8415
-3.84117
-3.84279
-3.84117
-3.84117
-3.8402
-3.84214
-3.84181
-3.84212
-3.83953
-3.84083
-3.8418
-3.84407
-3.84311
-3.84149
-3.84214
-3.84246
-3.84505
-3.84375
-3.8431
-3.84245
-3.8418
-3.84148
-3.8405
-3.83823
-3.83952
-3.84049
-3.84147
-3.84115
-3.83986
-3.83987
-3.84181
-3.8418
-3.83986
-3.84082
-3.84276
-3.84179
-3.84309
-3.84374
-3.84407
-3.84375
-3.8444
-3.84472
-3.84376
-3.84278
-3.8431
-3.8447
-3.84534
-3.84728
-3.84599
-3.846
-3.84763
-3.84763
-3.84731
-3.84925
-3.8499
-3.84893
-3.8486
-3.84763
-3.84731
-3.84731
-3.84795
-3.84794
-3.84664
-3.84533
-3.84241
-3.84177
-3.84308
-3.83985
-3.84018
-3.8418
-3.8418
-3.8418
-3.84244
-3.84276
-3.84341
-3.84439
-3.84536
-3.84471
-3.84245
-3.84277
-3.84114
-3.84146
-3.84243
-3.84308
-3.84535
-3.84308
-3.84341
-3.84212
-3.84245
-3.84213
-3.84342
-3.84212
-3.84245
-3.84342
-3.84666
-3.84277
-3.84244
-3.84438
-3.84341
-3.84471
-3.84569
-3.8444
-3.84343
-3.84439
-3.84406
-3.84244
-3.84179
-3.84179
-3.84309
-3.8431
-3.84181
-3.84149
-3.84181
-3.84018
-3.84179
-3.84276
-3.84243
-3.84242
-3.8421
-3.84179
-3.84245
-3.84213
-3.8431
-3.84244
-3.84146
-3.84146
-3.8405
-3.8392
-3.84147
-3.84147
-3.84148
-3.83953
-3.83824
-3.83727
-3.83759
-3.83628
-3.83628
-3.83757
-3.83725
-3.83628
-3.83758
-3.83953
-3.83824
-3.83824
-3.83888
-3.83856
-3.83888
-3.83888
-3.83952
-3.83952
-3.83984
-3.84049
-5.75045
-5.7388
-5.71549
-5.70415
-5.69314
-5.68568
-5.68179
-5.67757
-5.674
-5.67237
-5.66946
-5.66946
-5.66947
-5.66915
-5.66884
-5.66787
-5.6682
-5.6682
-5.66723
-5.66658
-5.66593
-5.66593
-5.66722
-5.66657
-5.66787
-5.66851
-5.66819
-5.66883
-5.66818
-5.66818
-5.66818
-5.66818
-5.66916
-5.66916
-5.66851
-5.66948
-5.67046
-5.66981
-5.67078
-5.67208
-5.67402
-5.6724
-5.67239
-5.67336
-5.67401
-5.67401
-5.67401
-5.67239
-5.67272
-5.67434
-5.67401
-5.67239
-5.67272
-5.67401
-5.67272
-5.6711
-5.67013
-5.66948
-5.66721
-5.66786
-5.66591
-5.66818
-5.6698
-5.6711
-5.67175
-5.67142
-5.67304
-5.67401
-5.67531
-5.67401
-5.67336
-5.6753
-5.6779
-5.67822
-5.6766
-5.67531
-5.67628
-5.67531
-5.67466
-5.67434
-5.67304
-5.67336
-5.67271
-5.674
-5.67174
-5.67304
-5.67304
-5.67336
-5.67142
-5.67336
-5.67434
-5.67433
-5.67595
-5.67498
-5.67563
-5.67466
-5.67433
-5.67498
-5.67433
-5.67336
-5.67142
-5.67078
-5.67143
-5.67013
-5.66916
-5.66916
-5.66787
-5.66819
-5.66722
-5.66786
-5.66883
-5.66754
-5.66786
-5.66851
-5.66948
-5.66916
-5.66981
-5.66981
-5.67305
-5.6737
-5.67435
-5.67823
-5.6805
-5.68017
-5.67888
-5.67725
-5.67758
-5.67823
-5.67855
-5.67887
-5.67985
-5.67985
-5.68082
-5.67791
-5.67629
-5.67596
-5.67564
-5.6737
-5.67272
-5.6737
-5.6724
-5.67175
-5.67305
-5.67402
-5.67402
-5.67272
-5.67402
-5.67143
-5.6711
-5.67046
-5.67078
-5.67013
-5.67014
-5.67078
-5.67111
-5.6724
-5.67208
-5.67176
-5.67305
-5.67273
-5.67241
-5.67111
-5.66852
-5.67013
-5.6711
-5.6711
-5.67046
-5.67337
-5.67272
-5.67369
-5.67466
-5.67239
-5.67498
-5.67531
-5.67628
-5.67563
-5.67531
-5.67887
-5.67758
-5.67758
-5.67531
-5.67628
-5.67563
-5.67563
-5.67401
-5.67563
-5.67433
-5.6766
-5.67725
-5.68049
-5.67855
-5.67563
-5.67498
-5.67531
-5.67466
-5.67466
-5.67434
-5.67401
-5.67304
-5.67498
-5.67466
-5.67239
-5.67369
-5.67595
-5.67628
-5.67434
-5.67369
-5.67305
-5.6724
-5.67046
-5.67272
-5.67272
-5.6724
-5.67369
-5.67628
-5.67693
-5.67693
-5.67499
-5.67402
-5.67531
-5.67531
-5.67628
-5.67564
-5.67467
-5.67273
-5.67175
-5.67175
-5.67078
-5.67013
-5.67078
-5.67207
-5.67401
-5.67272
-5.67304
-5.67207
-5.67046
-5.67143
-5.67143
-5.67175
-5.6737
-5.67305
-5.67337
-5.67175
-5.67046
-5.67272
-5.67466
-5.67337
-5.67369
-5.67628
-5.67855
-5.67629
-5.67597
-5.67694
-5.67532
-5.67467
-5.67402
-5.67435
-5.67499
-5.67629
-5.67661
-5.67693
-5.67693
-5.67855
-5.67855
-5.67791
-5.67726
-5.67499
-5.67337
-5.67175
-5.67272
-5.67433
-5.67239
-5.67498
-5.6779
-5.67693
-5.67532
-5.67532
-5.67467
-5.67726
-5.67693
-5.67661
-5.67564
-5.67693
-5.67596
-5.67693
-5.67661
-5.67467
-5.67661
-5.67694
-5.67823
-5.67499
-5.67273
-5.6737
-5.67337
-5.67499
-5.67564
-5.67402
-5.67596
-5.67726
-5.6779
-5.67758
-5.67888
-5.67726
-5.67499
-5.67597
-5.67402
-5.67305
-5.67272
-5.67305
-5.67564
-5.67531
-5.67305
-5.6724
-5.67045
-5.6698
-5.66948
-5.67078
-5.67078
-5.67045
-5.6724
-5.67596
-5.67693
-5.67661
-5.67661
-5.67661
-5.67629
-5.67629
-5.67499
-5.67628
-5.67628
-5.67434
-5.67466
-5.67466
-5.67499
-5.67434
-5.67564
-5.67628
-5.67434
-5.67305
-5.6724
-5.67434
-5.6724
-5.67143
-5.6711
-5.67078
-5.67045
-5.67304
-5.67142
-5.67045
-5.66948
-5.66851
-5.67272
-5.6724
-5.67304
-5.67369
-5.67272
-5.67272
-5.67434
-5.67628
-5.67693
-5.67563
-5.67466
-5.67434
-5.67434
-5.67531
-5.67434
-5.67498
-5.67499
-5.67531
-5.67693
-5.67693
-5.67661
-5.67563
-5.67369
-5.67175
-5.67337
-5.67142
-5.67012
-5.67012
-5.66883
-5.66721
-5.66689
-5.66689
-5.67012
-5.67109
-5.67368
-5.67401
-5.67562
-5.6753
-5.67498
-5.67725
-5.67628
-5.67466
-5.67336
-5.67045
-5.67142
-5.66916
-5.66818
-5.6698
-5.66883
-5.6685
-5.66882
-5.66785
-5.66721
-5.66689
-5.66786
-5.67077
-5.67175
-5.67369
-5.67466
-5.67272
-5.67401
-5.67272
-5.67595
-5.67401
-5.67304
-5.67498
-5.67628
-5.67757
-5.67725
-5.67854
-5.67757
-5.67368
-5.67271
-5.67401
-5.67401
-5.67401
-5.67401
-5.67336
-5.67466
-5.67304
-5.67466
-5.67433
-5.67369
-5.67174
-5.67239
-5.67174
-5.67239
-5.67304
-5.67142
-5.67077
-5.66948
-5.67271
-5.67271
-5.67271
-5.67368
-5.67271
-5.6753
-5.67628
-5.67692
-5.67563
-5.6766
-5.67337
-5.67466
-5.67402
-5.67434
-5.67434
-5.67499
-5.67467
-5.67499
-5.67369
-5.67337
-5.67271
-5.67465
-5.67336
-5.67433
-5.67433
-5.6753
-5.67433
-5.67466
-5.67498
-5.67369
-5.67401
-5.67369
-5.67434
-5.67434
-5.67596
-5.67564
-5.67661
-5.67499
-5.67693
-5.67563
-5.67369
-5.67143
-5.67013
-5.6711
-5.67078
-5.67142
-5.67175
-5.67175
-5.67175
-5.67207
-5.67142
-5.67077
-5.67207
-5.67304
-5.67208
-5.67143
-5.67273
-5.6724
-5.67143
-5.67305
-5.67175
-5.67337
-5.67207
-5.67239
-5.67401
-5.67563
-5.67434
-5.67466
-5.67402
-5.67402
-5.6737
-5.67305
-5.67337
-5.67337
-5.67401
-5.67563
-5.67466
-5.67498
-5.67531
-5.67401
-5.67563
-5.67466
-5.67369
-5.67337
-5.67434
-5.67272
-5.67499
-5.67434
-5.67434
-5.67466
-5.67498
-5.6779
-5.67692
-5.67627
-5.67595
-5.67498
-5.67595
-5.67628
-5.67628
-5.67466
-5.67596
-5.67628
-5.67758
-5.67466
-5.67337
-5.67336
-5.67336
-5.67336
-5.67433
-5.67498
-5.67498
-5.67531
-5.67596
-5.67531
-5.67402
-5.67596
-5.67596
-5.67499
-5.67499
-5.67402
-5.67369
-5.6724
-5.67273
-5.6737
-5.67273
-5.6737
-5.67337
-5.67499
-5.67111
-5.67111
-5.6724
-5.67143
-5.67078
-5.66949
-5.67078
-5.66917
-5.67079
-5.67014
-5.66982
-5.66917
-5.67014
-5.66982
-5.66884
-5.67014
-5.66949
-5.66948
-5.67046
-5.67175
-5.67175
-5.67208
-5.6724
-5.67402
-5.67402
-5.6737
-5.67273
-5.67532
-5.6763
-5.67597
-5.67921
-5.67791
-5.67597
-5.67661
-5.67564
-5.67499
-5.67564
-5.67629
-5.675
-5.67565
-5.675
-5.67435
-5.67662
-5.67532
-5.67662
-5.675
-5.675
-5.67241
-5.67306
-5.67046
-5.67144
-5.67144
-5.66917
-5.6695
-5.6695
-5.66982
-5.67145
-5.67404
-5.67339
-5.67501
-5.6763
-5.6763
-5.67662
-5.67532
-5.67208
-5.67402
-5.67208
-5.66949
-5.66949
-5.66723
-5.66626
-5.66723
-5.6682
-5.66982
-5.67112
-5.67177
-5.67371
-5.67339
-5.6763
-5.67662
-5.67597
-5.67792
-5.67791
-5.67921
-5.67921
-5.67824
-5.67791
-5.67565
-5.67727
-5.67371
-5.675
-5.67532
-5.67467
-5.67499
-5.67467
-5.67499
-5.67467
-5.67337
-5.67305
-5.67306
-5.67338
-5.67306
-5.67403
-5.67532
-5.675
-5.67403
-5.67565
-5.67338
-5.67533
-5.675
-5.67403
-5.67468
-5.675
-5.675
-5.67598
-5.67306
-5.67339
-5.67209
-5.67047
-5.67079
-5.67176
-5.6695
-5.66885
-5.66821
-5.66951
-5.67275
-5.67501
-5.67501
-5.67533
-5.67436
-5.67597
-5.675
-5.675
-5.67338
-5.67306
-5.67176
-5.67241
-5.67338
-5.67565
-5.67533
-5.67371
-5.67177
-5.67112
-5.67112
-5.67144
-5.67273
-5.67403
-5.6737
-5.67402
-5.67305
-5.67273
-5.6737
-5.67241
-5.67241
-5.67144
-5.6708
-5.67306
-5.67339
-5.67436
-5.67533
-5.67662
-5.67824
-5.67727
-5.67597
-5.67565
-5.675
-5.67759
-5.67759
-5.67694
-5.6763
-5.67468
-5.67371
-5.67306
-5.67209
-5.67339
-5.67371
-5.67339
-5.67112
-5.67144
-5.67241
-5.67209
-5.67306
-5.67371
-5.67242
-5.67274
-5.67501
-5.67339
-5.67177
-5.67468
-5.67274
-5.67306
-5.67241
-5.67241
-5.67176
-5.6737
-5.67176
-5.67305
-5.67047
-5.67176
-5.67209
-5.67274
-5.67177
-5.67274
-5.67113
-5.67275
-5.67339
-5.67501
-5.67306
-5.67177
-5.67047
-5.67047
-5.66917
-5.66885
-5.66755
-5.66885
-5.66982
-5.66724
-5.66788
-5.66724
-5.66756
-5.66854
-5.66886
-5.66756
-5.66789
-5.66821
-5.6708
-5.6708
-5.67144
-5.67112
-5.67274
-5.67371
-5.67339
-5.67274
-5.67371
-5.67339
-5.67371
-5.67695
-5.67468
-5.67501
-5.67372
-5.67307
-5.67404
-5.67696
-5.67631
-5.67372
-5.67274
-5.67372
-5.67404
-5.67372
-5.67663
-5.67371
-5.67339
-5.67469
-5.67436
-5.67339
-5.67371
-5.67274
-5.67469
-5.67696
-5.67858
-5.67663
-5.67502
-5.67566
-5.67437
-5.67533
-5.67436
-5.6763
-5.67695
-5.67566
-5.67339
-5.67436
-5.67339
-5.67371
-5.67435
-5.67274
-5.67209
-5.67144
-5.67047
-5.67145
-5.67015
-5.66788
-5.67144
-5.67306
-5.67112
-5.67403
-5.67533
-5.67404
-5.67436
-5.67339
-5.67371
-5.67306
-5.67501
-5.67371
-5.67242
-5.67339
-5.67274
-5.67306
-5.67306
-5.67112
-5.67176
-5.67306
-5.67144
-5.67111
-5.67371
-5.67371
-5.67273
-5.67338
-5.67435
-5.67824
-5.67824
-5.67825
-5.67793
-5.67825
-5.67696
-5.67501
-5.67501
-5.67371
-5.67274
-5.67241
-5.67209
-5.67306
-5.67436
-5.67306
-5.67339
-5.67242
-5.67242
-5.67275
-5.67275
-5.67307
-5.67275
-5.67372
-5.6734
-5.67307
-5.67339
-5.67177
-5.67015
-5.67015
-5.67177
-5.67177
-5.67403
-5.67565
-5.67533
-5.67825
-5.67727
-5.67598
-5.67501
-5.67469
-5.67501
-5.67663
-5.67533
-5.67565
-5.67501
-5.67403
-5.67435
-5.67629
-5.675
-5.67532
-5.675
-5.67468
-5.67597
-5.67662
-5.67598
-5.67371
-5.67404
-5.67242
-5.67048
-5.67113
-5.67372
-5.67598
-5.67339
-5.6763
-5.67404
-5.67339
-5.67339
-5.67403
-5.675
-5.67533
-5.67727
-5.67597
-5.675
-5.67306
-5.67338
-5.67144
-5.67306
-5.67597
-5.67759
-5.67694
-5.67662
-5.67274
-5.67338
-5.67468
-5.67273
-5.67111
-5.67111
-5.67079
-5.67112
-5.67209
-5.67079
-5.6695
-5.67015
-5.67241
-5.67112
-5.67177
-5.67144
-5.67177
-5.67371
-5.67306
-5.67468
-5.67727
-5.67888
-5.67953
-5.68083
-5.67856
-5.67889
-5.67792
-5.67695
-5.67695
-5.67468
-5.6763
-5.67662
-5.67856
-5.67953
-5.6805
-5.67791
-5.67694
-5.67564
-5.6737
-5.6724
-5.67144
-5.67079
-3.84371
-3.84274
-3.84372
-3.8434
-3.84405
-3.84243
-3.84048
-3.84047
-3.84177
-3.8408
-3.8421
-3.84145
-3.8408
-3.8408
-3.8395
-3.83659
-3.83595
-3.83822
-3.8379
-3.83952
-3.83919
-3.83886
-3.83757
-3.83919
-3.83886
-3.84016
-3.84308
-3.84404
-3.84534
-3.84469
-3.84437
-3.84502
-3.8434
-3.84373
-3.84502
-3.84341
-3.84406
-3.84471
-3.84373
-3.84244
-3.84308
-3.84308
-3.84437
-3.8434
-3.84178
-3.8421
-3.84308
-3.84211
-3.84146
-3.84211
-3.84113
-3.84113
-3.84113
-3.84308
-3.84307
-3.84372
-3.84501
-3.84404
-3.84243
-3.84437
-3.84632
-3.8447
-3.84178
-3.84179
-3.84049
-3.84114
-3.84211
-3.84244
-3.84309
-3.84212
-3.84017
-3.84275
-3.84436
-3.84566
-3.846
-3.84601
-3.84407
-3.84342
-3.84277
-3.84309
-3.84114
-3.84276
-3.84438
-3.846
-3.84633
-3.84503
-3.84244
-3.84374
-3.84536
-3.84504
-3.84666
-3.8473
-3.84632
-3.84794
-3.84859
-3.84762
-3.84697
-3.84566
-3.84566
-3.84792
-3.84469
-3.84535
-3.84632
-3.84729
-3.84502
-3.84535
-3.84536
-3.84536
-3.8473
-3.84827
-3.84858
-3.84954
-3.84889
-3.8476
-3.84599
-3.8447
-3.84502
-3.846
-3.84438
-3.84341
-3.84308
-3.84146
-3.84114
-3.84114
-3.84244
-3.84341
-3.84406
-3.84341
-3.84405
-3.84373
-3.8447
-3.84308
-3.84146
-3.84113
-3.84081
-3.84308
-3.84308
-3.84082
-3.83952
-3.8379
-3.83887
-3.8421
-3.84243
-3.8447
-3.84373
-3.84308
-3.84082
-3.84179
-3.84114
-3.84373
-3.84372
-3.84274
-3.84436
-3.84468
-3.84468
-3.84339
-3.84437
-3.84341
-3.84374
-3.84245
-3.84245
-3.84373
-3.84631
-3.84599
-3.84793
-3.84923
-3.85021
-3.84762
-3.84697
-3.84696
-3.84631
-3.84729
-3.84534
-3.84405
-3.84502
-3.8434
-3.84405
-3.84567
-3.84535
-3.84308
-3.84535
-3.84438
-3.84373
-3.84404
-3.8421
-3.84372
-3.84372
-3.8434
-3.84339
-3.84436
-3.84307
-3.84405
-3.84471
-3.84406
-3.84471
-3.84309
-3.84406
-3.84405
-3.84373
-3.84308
-3.84308
-3.84146
-3.84081
-3.83887
-3.84114
-3.84276
-3.84179
-3.84243
-3.84178
-3.84178
-3.84146
-3.84114
-3.84244
-3.84277
-3.84115
-3.84115
-3.84277
-3.84244
-3.84179
-3.84016
-3.84178
-3.84145
-3.8421
-3.84113
-3.84016
-3.83789
-3.83919
-3.84081
-3.84308
-3.84308
-3.84373
-3.84405
-3.84341
-3.84405
-3.84081
-3.84211
-3.83985
-3.84244
-3.84147
-3.83855
-3.84082
-3.84212
-3.84277
-3.84375
-3.8431
-3.84439
-3.84536
-3.8447
-3.8447
-3.84696
-3.84923
-3.84859
-3.84795
-3.8473
-3.84698
-3.84438
-3.84373
-3.84406
-3.84438
-3.84471
-3.84406
-3.84504
-3.84504
-3.84537
-3.8431
-3.8457
-3.84764
-3.84472
-3.84471
-3.846
-3.8434
-3.84469
-3.84405
-3.84502
-3.84373
-3.84147
-3.84212
-3.83953
-3.84148
-3.84213
-3.84083
-3.84245
-3.84438
-3.84146
-3.84178
-3.84081
-3.84017
-3.8405
-3.8405
-3.8418
-3.84342
-3.84375
-3.84342
-3.84504
-3.84471
-3.84569
-3.84666
-3.84666
-3.84602
-3.8444
-3.84537
-3.84407
-3.84407
-3.84504
-3.84633
-3.84374
-3.84471
-3.84277
-3.8418
-3.84245
-3.84408
-3.84408
-3.84441
-3.84311
-3.84213
-3.83953
-3.83887
-3.8379
-3.84017
-3.84017
-3.84114
-3.84115
-3.8392
-3.8392
-3.83953
-3.84147
-3.8405
-3.8405
-3.84049
-3.8392
-3.8379
-3.83791
-3.83726
-3.84018
-3.84147
-3.84342
-3.84341
-3.84308
-3.84276
-3.84373
-3.84405
-3.84406
-3.84438
-3.84601
-3.84503
-3.84601
-3.84374
-3.84569
-3.84439
-3.84278
-3.8444
-3.8418
-3.84342
-3.84471
-3.84536
-3.84439
-3.84309
-3.84244
-3.84211
-3.84308
-3.84212
-3.84342
-3.84375
-3.84117
-3.84149
-3.84214
-3.84149
-3.84019
-3.84147
-3.84082
-3.84017
-3.84114
-3.84114
-3.83985
-3.83856
-3.84115
-3.84051
-3.83922
-3.83987
-3.84052
-3.84149
-3.84019
-3.84052
-3.84116
-3.84051
-3.83921
-3.83856
-3.83694
-3.83597
-3.83695
-3.83986
-3.84148
-3.84148
-3.84147
-3.84147
-3.8405
-3.83792
-3.83825
-3.83954
-3.84084
-3.84246
-3.84343
-3.84375
-3.84504
-3.84601
-3.84634
-3.84245
-3.84439
-3.84504
-3.8431
-3.84246
-3.83923
-3.8415
-3.84214
-3.8431
-3.84245
-3.84083
-3.84148
-3.84149
-3.84247
-3.84344
-3.84377
-3.84312
-3.84279
-3.84603
-3.84506
-3.84635
-3.84441
-3.84635
-3.8457
-3.84472
-3.84408
-3.84246
-3.84052
-3.84182
-3.84311
-3.84247
-3.84311
-3.84246
-3.84278
-3.84538
-3.84603
-3.84538
-3.84668
-3.84699
-3.84537
-3.84181
-3.84019
-3.83792
-3.84051
-3.84083
-3.84147
-3.84341
-3.84665
-3.84536
-3.84342
-3.84278
-3.84376
-3.84344
-3.84247
-3.84181
-3.8444
-3.84666
-3.84536
-3.84342
-3.84471
-3.84471
-3.84471
-3.84601
-3.84505
-3.84602
-3.84603
-3.84603
-3.84634
-3.84569
-3.84569
-3.84893
-3.85023
-3.84926
-3.84667
-3.84375
-3.84536
-3.8431
-3.84374
-3.84181
-3.84278
-3.84311
-3.8444
-3.84505
-3.84376
-3.84214
-3.84084
-3.84116
-3.84214
-3.84181
-3.84277
-3.84115
-3.8418
-3.8431
-3.84117
-3.84214
-3.84214
-3.84149
-3.84246
-3.84245
-3.8405
-3.83856
-3.8418
-3.84213
-3.84246
-3.8444
-3.84505
-3.84375
-3.84277
-3.84212
-3.84018
-3.84245
-3.8444
-3.84505
-3.84537
-3.8444
-3.84343
-3.84246
-3.8431
-3.84278
-3.84375
-3.84117
-3.84149
-3.84279
-3.84278
-3.84019
-3.83857
-3.83986
-3.8418
-3.84278
-3.84213
-3.8431
-3.84342
-3.84407
-3.84407
-3.84569
-3.84505
-3.84505
-3.84408
-3.84408
-3.84311
-3.84116
-3.83953
-3.83985
-3.84083
-3.84084
-3.84181
-3.84149
-3.84343
-3.84214
-3.84245
-3.84278
-3.84019
-3.84214
-3.84279
-3.84052
-3.84278
-3.8444
-3.84472
-3.84665
-3.84762
-3.84729
-3.84471
-3.84665
-3.84666
-3.84505
-3.8444
-3.84311
-3.84375
-3.8431
-3.84407
-3.84472
-3.8444
-3.84407
-3.84731
-3.84569
-3.8444
-3.84569
-3.84505
-3.84472
-3.84181
-3.83922
-3.83792
-3.83889
-3.83856
-3.83857
-3.84116
-3.83923
-3.83955
-3.8389
-3.83889
-3.84019
-3.84019
-3.84116
-3.84408
-3.84537
-3.84635
-3.84667
-3.84635
-3.84667
-3.84538
-3.84472
-3.84569
-3.84731
-3.84699
-3.84764
-3.84732
-3.8457
-3.84376
-3.84278
-3.84278
-3.84375
-3.84537
-3.84376
-3.84215
-3.84053
-3.84118
-3.84311
-3.84569
-3.84602
-3.84537
-3.84569
-3.84505
-3.84408
-3.84278
-3.83955
-3.84085
-3.84279
-3.84409
-3.84571
-3.84311
-3.84246
-3.84472
-3.84439
-3.84374
-3.8431
-3.84376
-3.84668
-3.8483
-3.84409
-3.84408
-3.84375
-3.8444
-3.84279
-3.84052
-3.84117
-3.84149
-3.84246
-3.8431
-3.84278
-3.84246
-3.84441
-3.84376
-3.84473
-3.84473
-3.84214
-3.84375
-3.84245
-3.84115
-3.84212
-3.84115
-3.8418
-3.84084
-3.84052
-3.8402
-3.83987
-3.84085
-3.8402
-3.84376
-3.84182
-3.84279
-3.84311
-3.84117
-3.84116
-3.84245
-3.84278
-3.84245
-3.8418
-3.84278
-3.8444
-3.84279
-3.84117
-3.83729
-3.83728
-3.8376
-3.83922
-3.83921
-3.83857
-3.83922
-3.84019
-3.83955
-3.84182
-3.84214
-3.8415
-3.84344
-3.84117
-3.84278
-3.84406
-3.84244
-3.84277
-3.84277
-3.84311
-3.84214
-3.84247
-3.84442
-3.84376
-3.8444
-3.84342
-3.84374
-3.84342
-3.8431
-3.84051
-3.84181
-3.84052
-3.84344
-3.84279
-3.84214
-3.84376
-3.84409
-3.84474
-3.84636
-3.84667
-3.84408
-3.84407
-3.84537
-3.84408
-3.84473
-3.84635
-3.84538
-3.84667
-3.84764
-3.84796
-3.84699
-3.84537
-3.8457
-3.84473
-3.84473
-3.84409
-3.84441
-3.84181
-3.83922
-3.83826
-3.84053
-3.84085
-3.84052
-3.84052
-3.84085
-3.84149
-3.84505
-3.8457
-3.84505
-3.84376
-3.84279
-3.84571
-3.84539
-3.84474
-3.84506
-3.84442
-3.84571
-3.84603
-3.84441
-3.84084
-3.84246
-3.84214
-3.84182
-3.84279
-3.84118
-3.8402
-3.83728
-3.83858
-3.84149
-3.84311
-3.84408
-3.84635
-3.84571
-3.84506
-3.84312
-3.84344
-3.84279
-3.84214
-3.84246
-3.84083
-3.84019
-3.84213
-3.84213
-3.84246
-3.84149
-3.84084
-3.8402
-3.83794
-3.83632
-3.83664
-3.83729
-3.83858
-3.83858
-3.83793
-3.83825
-3.83761
-3.83988
-3.84054
-3.84183
-3.84183
-3.84118
-3.83988
-3.83987
-3.83922
-3.84052
-3.84117
-3.84182
-3.84312
-3.84442
-3.84442
-3.84506
-3.84506
-3.84797
-3.84408
-3.84279
-3.84343
-3.84311
-3.8431
-3.8431
-3.84245
-3.84375
-3.84084
-3.84182
-3.8415
-3.84021
-3.84118
-3.84215
-3.84409
-3.84312
-3.8415
-3.84215
-3.84377
-3.84182
-3.84376
-3.8444
-3.84407
-3.84538
-3.8415
-3.84053
-3.8415
-3.8415
-3.84117
-3.84279
-3.84117
-3.84117
-3.8402
-3.84214
-3.84181
-3.84212
-3.83953
-3.84083
-3.8418
-3.84407
-3.84311
-3.84149
-3.84214
-3.84246
-3.84505
-3.84375
-3.8431
-3.84245
-3.8418
-3.84148
-3.8405
-3.83823
-3.83952
-3.84049
-3.84147
-3.84115
-3.83986
-3.83987
-3.84181
-3.8418
-3.83986
-3.84082
-3.84276
-3.84179
-3.84309
-3.84374
-3.84407
-3.84375
-3.8444
-3.84472
-3.84376
-3.84278
-3.8431
-3.8447
-3.84534
-3.84728
-3.84599
-3.846
-3.84763
-3.84763
-3.84731
-3.84925
-3.8499
-3.84893
-3.8486
-3.84763
-3.84731
-3.84731
-3.84795
-3.84794
-3.84664
-3.84533
-3.84241
-3.84177
-3.84308
-3.83985
-3.84018
-3.8418
-3.8418
-3.8418
-3.84244
-3.84276
-3.84341
-3.84439
-3.84536
-3.84471
-3.84245
-3.84277
-3.84114
-3.84146
-3.84243
-3.84308
-3.84535
-3.84308
-3.84341
-3.84212
-3.84245
-3.84213
-3.84342
-3.84212
-3.84245
-3.84342
-3.84666
-3.84277
-3.84244
-3.84438
-3.84341
-3.84471
-3.84569
-3.8444
-3.84343
-3.84439
-3.84406
-3.84244
-3.84179
-3.84179
-3.84309
-3.8431
-3.84181
-3.84149
-3.84181
-3.84018
-3.84179
-3.84276
-3.84243
-3.84242
-3.8421
-3.84179
-3.84245
-3.84213
-3.8431
-3.84244
-3.84146
-3.84146
-3.8405
-3.8392
-3.84147
-3.84147
-3.84148
-3.83953
-3.83824
-3.83727
-3.83759
-3.83628
-3.83628
-3.83757
-3.83725
-3.83628
-3.83758
-3.83953
-3.83824
-3.83824
-3.83888
-3.83856
-3.83888
-3.83888
-3.83952
-3.83952
-3.83984
-3.84049
