-5.8211
-5.85742
-5.89568
-5.92124
-5.93069
-5.92143
-5.90097
-5.87983
-5.86406
-5.85161
-5.84444
-5.83666
-5.83263
-5.83776
-5.85285
-5.87555
-5.90375
-5.93095
-5.94599
-5.95094
-5.94287
-5.92749
-5.90787
-5.89
-5.86922
-5.84958
-5.83398
-5.82313
-5.82226
-5.8295
-5.84592
-5.87098
-5.90079
-5.93885
-5.98206
-6.02208
-6.05844
-6.08411
-6.09551
-6.09461
-6.08564
-6.06844
-6.04776
-6.02313
-5.99857
-5.97804
-5.96008
-5.94042
-5.91899
-5.89525
-5.86776
-5.84329
-5.82537
-5.81764
-5.81518
-5.82036
-5.83699
-5.86564
-5.90391
-5.94683
-5.98481
-6.01377
-6.03708
-6.0581
-6.06939
-6.07053
-6.05742
-6.0285
-5.98549
-5.92826
-5.86179
-5.8017
-5.7586
-5.74611
-5.7616
-5.78995
-5.81279
-5.82427
-5.82244
-5.8133
-5.80174
-5.80176
-5.81487
-5.84169
-5.87782
-5.91793
-5.95714
-5.99551
-6.02466
-6.03834
-6.03858
-6.02408
-5.99876
-5.9716
-5.94074
-5.90372
-5.8614
-5.81798
-5.78842
-5.78809
-5.81349
-5.86401
-5.92124
-5.97561
-6.02173
-6.06417
-6.09445
-6.10414
-6.08914
-6.04795
-5.99042
-5.93237
-5.88599
-5.86065
-5.85591
-5.86467
-5.87909
-5.89232
-5.89984
-5.90649
-5.91377
-5.91971
-5.92571
-5.92915
-5.92945
-5.924
-5.91312
-5.8977
-5.88284
-5.86845
-5.85924
-5.85482
-5.86063
-5.87752
-5.9011
-5.93075
-5.95847
-5.98023
-5.99565
-6.00226
-6.00461
-6.0052
-6.00131
-5.99826
-5.98898
-5.97337
-5.94572
-5.90916
-5.86026
-5.80809
-5.75297
-5.70427
-5.67462
-5.66876
-5.69262
-5.74381
-5.81691
-5.89297
-5.95882
-5.99886
-6.0108
-5.99882
-5.9757
-5.95355
-5.94783
-5.95326
-5.9596
-5.95541
-5.94622
-5.9371
-5.93344
-5.93938
-5.948
-5.96021
-5.97681
-5.99339
-6.01458
-6.03599
-6.04854
-6.04551
-6.02902
-5.99141
-5.9411
-5.88698
-5.8341
-5.79337
-5.76072
-5.73731
-5.72753
-5.74075
-5.77774
-5.83415
-5.89219
-5.93988
-5.97488
-5.99263
-5.99936
-5.99408
-5.9801
-5.95932
-5.93397
-5.90329
-5.87293
-5.84455
-5.82656
-5.81443
-5.80533
-5.80353
-5.80804
-5.82369
-5.85085
-5.88754
-5.92985
-5.96917
-5.99998
-6.02254
-6.0341
-6.02919
-6.01049
-5.98267
-5.95776
-5.93765
-5.92908
-5.92926
-5.93725
-5.94986
-5.971
-5.99505
-6.0182
-6.03331
-6.04064
-6.0392
-6.03151
-6.02567
-6.02184
-6.02995
-6.03924
-6.05437
-6.06452
-6.07043
-6.07864
-6.08186
-6.07735
-6.0604
-6.02297
-5.96621
-5.89228
-5.8108
-5.73775
-5.68571
-5.65666
-5.64451
-5.64405
-5.64721
-5.65158
-5.65868
-5.67954
-5.71677
-5.76779
-5.82784
-5.89049
-5.95285
-6.00673
-6.04784
-6.06764
-6.06888
-6.04443
-5.9942
-5.93573
-5.8802
-5.83397
-5.81188
-5.80984
-5.8289
-5.85997
-5.89742
-5.9372
-5.96521
-5.98256
-5.97937
-5.95451
-5.91595
-5.86803
-5.81549
-5.77722
-5.7569
-5.75882
-5.7805
-5.81354
-5.85136
-5.88626
-5.91279
-5.93091
-5.94434
-5.95123
-5.95654
-5.95983
-5.9597
-5.95528
-5.94502
-5.93163
-5.91023
-5.88589
-5.86216
-5.84437
-5.83446
-5.84388
-5.86677
-5.9035
-5.94711
-5.98679
-6.00977
-6.0103
-5.98379
-5.93693
-5.87939
-5.82802
-5.79036
-5.7741
-5.77338
-5.78824
-5.81227
-5.84032
-5.87312
-5.90612
-5.93772
-5.9618
-5.98302
-6.00247
-6.02016
-6.03675
-6.05155
-6.0603
-6.06455
-6.0564
-6.03699
-6.00591
-5.97057
-5.9387
-5.91754
-5.90666
-5.90323
-5.90268
-5.90218
-5.89774
-5.89692
-5.897
-5.9044
-5.90748
-5.90464
-5.89715
-5.87856
-5.86107
-5.84408
-5.82948
-5.81691
-5.80915
-5.81118
-5.82841
-5.86606
-5.91978
-5.98577
-6.04806
-6.09144
-6.11214
-6.10379
-6.06683
-6.00875
-5.94296
-5.87694
-5.82355
-5.7912
-5.77887
-5.78414
-5.80466
-5.84006
-5.87767
-5.91307
-5.94172
-5.95692
-5.95788
-5.94374
-5.92128
-5.89201
-5.85786
-5.82511
-5.802
-5.79124
-5.79362
-5.8062
-5.82423
-5.8413
-5.85614
-5.87167
-5.8911
-5.91702
-5.94957
-5.989
-6.02595
-6.05329
-6.06847
-6.07081
-6.06263
-6.04869
-6.03005
-6.00753
-5.97916
-5.95906
-5.94459
-5.93494
-5.92886
-5.91392
-5.89144
-5.85507
-5.81783
-5.79469
-5.79896
-5.83448
-5.88804
-5.94732
-5.99975
-6.03705
-6.05487
-6.0539
-6.03996
-6.00984
-5.97429
-5.93048
-5.88748
-5.84233
-5.80336
-5.77778
-5.76725
-5.76919
-5.77965
-5.78876
-5.7922
-5.79627
-5.80569
-5.82887
-5.86517
-5.90038
-5.92408
-5.93345
-5.92597
-5.90535
-5.87758
-5.85136
-5.82666
-5.81058
-5.79865
-5.79828
-5.81597
-5.85471
-5.90614
-5.96555
-6.02267
-6.06615
-6.08577
-6.08079
-6.0559
-6.02089
-5.98032
-5.93867
-5.90457
-5.88518
-5.87725
-5.88203
-5.89907
-5.92056
-5.94387
-5.95868
-5.96144
-5.95334
-5.938
-5.92184
-5.90896
-5.89271
-5.87162
-5.84803
-5.82768
-5.82089
-5.82313
-5.84144
-5.86645
-5.89714
-5.92357
-5.94331
-5.95353
-5.9534
-5.94528
-5.93026
-5.91024
-5.88653
-5.86217
-5.84697
-5.84265
-5.85457
-5.87631
-5.89625
-5.91265
-5.91613
-5.90626
-5.89009
-5.87357
-5.86416
-5.86867
-5.89185
-5.92039
-5.9496
-5.97427
-5.98806
-5.99137
-5.99137
-5.99435
-6.00325
-6.02357
-6.04657
-6.06534
-6.07631
-6.07758
-6.07287
-6.06627
-6.06286
-6.06135
-6.06251
-6.05783
-6.04986
-6.03433
-6.01019
-5.98036
-5.95266
-5.9307
-5.91182
-5.89392
-5.8771
-5.86587
-5.85861
-5.85577
-5.85509
-5.85696
-5.85477
-5.84794
-5.8315
-5.80558
-5.77002
-5.73141
-5.70154
-5.69211
-5.70581
-5.73649
-5.77603
-5.81248
-5.84432
-5.86629
-5.88606
-5.90412
-5.91648
-5.92624
-5.92238
-5.90009
-5.86765
-5.82457
-5.77767
-5.73887
-5.71493
-5.71273
-5.73322
-5.77895
-5.83479
-5.89091
-5.94106
-5.97809
-6.00327
-6.01583
-6.02289
-6.02634
-6.02785
-6.02942
-6.03503
-6.03583
-6.03526
-6.0332
-6.02352
-6.00884
-5.98839
-5.96817
-5.95353
-5.95063
-5.95959
-5.97996
-6.00504
-6.01672
-6.01543
-5.99909
-5.97523
-5.95053
-5.92579
-5.90405
-5.88645
-5.87007
-5.85637
-5.84337
-5.82727
-5.80554
-5.77575
-5.74552
-5.72424
-5.71695
-5.72142
-5.73605
-5.75337
-5.76998
-5.78734
-5.81055
-5.84499
-5.89376
-5.95363
-6.01182
-6.06025
-6.09002
-6.10047
-6.0943
-6.07884
-6.05969
-6.04444
-6.03791
-6.0382
-6.04411
-6.05233
-6.05683
-6.05918
-6.05055
-6.02557
-5.98322
-5.92156
-5.85579
-5.80136
-5.76669
-5.76027
-5.77831
-5.81024
-5.84332
-5.86473
-5.86826
-5.86876
-5.86827
-5.87232
-5.87744
-5.88144
-5.88477
-5.88596
-5.89194
-5.90658
-5.92835
-5.95193
-5.9717
-5.97644
-5.96704
-5.94082
-5.89909
-5.85375
-5.80511
-5.7666
-5.75234
-5.765
-5.80475
-5.85679
-5.91164
-5.96266
-6.00858
-6.0499
-6.08132
-6.10578
-6.11138
-6.10598
-6.08756
-6.05745
-6.02292
-5.98652
-5.95075
-5.92254
-5.90815
-5.91187
-5.93016
-5.95273
-5.97504
-5.98905
-5.9993
-6.00489
-6.01128
-6.01889
-6.02961
-6.04398
-6.05736
-6.06208
-6.05699
-6.03346
-5.99064
-5.93213
-5.85493
-5.77718
-5.70971
-5.6636
-5.64977
-5.66274
-5.69295
-5.72514
-5.74863
-5.75578
-5.74247
-5.71963
-5.69496
-5.68161
-5.68489
-5.70823
-5.74706
-5.80079
-5.85438
-5.90745
-5.94841
-5.97981
-6.00338
-6.01408
-6.01142
-5.99535
-5.96681
-5.93161
-5.9048
-5.89237
-5.89112
-5.89934
-5.90699
-5.90377
-5.89343
-5.87796
-5.86451
-5.85871
-5.86337
-5.87861
-5.89544
-5.91014
-5.91864
-5.92544
-5.93247
-5.94577
-5.96402
-5.9827
-5.99217
-5.99298
-5.98786
-5.9796
-5.97201
-5.9729
-5.98169
-6.00232
-6.03346
-6.0705
-6.11023
-6.13955
-6.15691
-6.1601
-6.14441
-6.11147
-6.06038
-5.99855
-5.94026
-5.9054
-5.89005
-5.89019
-5.89807
-5.90316
-5.90664
-5.90753
-5.91516
-5.92956
-5.94825
-5.9692
-5.98913
-5.99865
-5.99725
-5.98206
-5.95619
-5.91734
-5.8706
-5.82466
-5.78505
-5.75959
-5.75043
-5.75133
-5.76167
-5.77607
-5.79207
-5.80579
-5.81319
-5.81496
-5.8115
-5.80158
-5.78791
-5.77345
-5.76643
-5.7758
-5.80116
-5.83894
-5.87263
-5.89576
-5.90454
-5.90361
-5.89941
-5.89977
-5.90679
-5.92526
-5.95221
-5.98419
-6.01446
-6.03415
-6.03662
-6.02327
-5.99633
-5.9646
-5.92296
-5.88438
-5.8516
-5.82529
-5.81002
-5.80765
-5.81858
-5.84528
-5.87941
-5.92365
-5.96458
-5.99389
-6.00931
-6.00763
-5.99279
-5.96539
-5.93187
-5.89727
-5.86092
-5.81933
-5.7857
-5.76747
-5.77663
-5.81312
-5.85376
-5.89076
-5.91637
-5.92853
-5.93189
-5.93221
-5.92552
-5.91569
-5.89869
-5.87855
-5.85385
-5.8346
-5.82495
-5.83674
-5.86587
-5.90977
-5.95752
-6.00478
-6.04795
-6.07901
-6.09702
-6.09505
-6.07913
-6.05142
-6.0146
-5.9719
-5.92652
-5.88472
-5.86024
-5.85599
-5.87173
-5.89693
-5.91891
-5.92962
-5.925
-5.90224
-5.86712
-5.83362
-5.80965
-5.79833
-5.80636
-5.82712
-5.85356
-5.87677
-5.89025
-5.8859
-5.85846
-5.80954
-5.74827
-5.6908
-5.65559
-5.66186
-5.7093
-5.7917
-5.89036
-5.98385
-6.06104
-6.11798
-6.14875
-6.15317
-6.1351
-6.09515
-6.03667
-5.96206
-5.87545
-5.78206
-5.6923
-5.62377
-5.59207
-5.60886
-5.6653
-5.73547
-5.80827
-5.86969
-5.91365
-5.94494
-5.96953
-5.98977
-6.00578
-6.01415
-6.01043
-5.99025
-5.95429
-5.91222
-5.86858
-5.8365
-5.82094
-5.82293
-5.84319
-5.87274
-5.91438
-5.95755
-5.99763
-6.02567
-6.04101
-6.04089
-6.03387
-6.0233
-6.01268
-5.99198
-5.97216
-5.95698
-5.94936
-5.95764
-5.9733
-5.98443
-5.9873
-5.9838
-5.97636
-5.97275
-5.98102
-6.00192
-6.03176
-6.0596
-6.07543
-6.07257
-6.04589
-5.99386
-5.92845
-5.8568
-5.79122
-5.74495
-5.72289
-5.72065
-5.72567
-5.72107
-5.70097
-5.66649
-5.63436
-5.6219
-5.63135
-5.65612
-5.6913
-5.72564
-5.75857
-5.78565
-5.80659
-5.81881
-5.82379
-5.82294
-5.82632
-5.84018
-5.86386
-5.89629
-5.93532
-5.97245
-5.99698
-6.00931
-6.00925
-5.9993
-5.98522
-5.96802
-5.94926
-5.92926
-5.91281
-5.90393
-7.83281
-7.76127
-7.63824
-7.49017
-7.31058
-7.11123
-6.90454
-6.7027
-6.52444
-6.38691
-6.29695
-6.26058
-6.26859
-6.30891
-6.36807
-6.43246
-6.49371
-6.5432
-6.57648
-6.59378
-6.59581
-6.58581
-6.568
-6.54314
-6.51917
-6.4972
-6.48008
-6.47243
-6.47412
-6.48862
-6.51589
-6.55536
-6.6058
-6.66158
-6.71826
-6.77319
-6.82049
-6.8555
-6.87997
-6.89271
-6.89565
-6.88728
-6.87594
-6.86414
-6.85295
-6.84329
-6.83594
-6.82857
-6.82365
-6.8196
-6.81248
-6.80254
-6.79288
-6.78263
-6.76863
-6.75378
-6.74016
-6.72892
-6.71978
-6.71871
-6.72103
-6.73314
-6.74866
-6.76571
-6.78188
-6.79562
-6.80957
-6.82149
-6.8327
-6.8401
-6.84634
-6.85261
-6.85653
-6.85517
-6.84931
-6.84174
-6.83491
-6.82473
-6.81326
-6.80038
-6.7853
-6.77193
-6.7596
-6.75312
-6.74768
-6.74931
-6.75068
-6.75049
-6.74373
-6.73527
-6.72028
-6.70008
-6.67967
-6.65782
-6.6415
-6.62953
-6.62527
-6.6292
-6.63842
-6.65272
-6.66969
-6.68928
-6.70866
-6.72164
-6.72794
-6.72657
-6.71494
-6.69713
-6.6727
-6.64806
-6.62592
-6.60779
-6.60105
-6.60663
-6.62527
-6.65438
-6.69388
-6.73873
-6.78892
-6.83469
-6.8751
-6.91074
-6.93513
-6.94688
-6.94836
-6.94194
-6.9322
-6.92014
-6.90727
-6.89507
-6.88401
-6.87128
-6.85751
-6.83728
-6.81644
-6.79639
-6.77715
-6.75766
-6.7405
-6.72652
-6.71158
-6.6987
-6.6892
-6.68077
-6.67276
-6.66535
-6.66337
-6.66154
-6.66693
-6.67712
-6.6927
-6.71045
-6.73051
-6.75165
-6.77192
-6.79173
-6.80753
-6.81957
-6.82769
-6.82685
-6.81748
-6.79893
-6.7732
-6.74987
-6.72877
-6.71296
-6.70336
-6.70213
-6.6994
-6.69887
-6.69932
-6.69902
-6.70751
-6.71803
-6.7326
-6.74722
-6.7622
-6.77981
-6.79048
-6.79972
-6.80346
-6.80707
-6.80607
-6.80365
-6.79905
-6.79869
-6.79767
-6.80285
-6.8085
-6.81746
-6.82036
-6.82011
-6.81931
-6.81684
-6.81135
-6.80495
-6.79703
-6.78836
-6.77897
-6.77329
-6.767
-6.76086
-6.7605
-6.76298
-6.76464
-6.76418
-6.7643
-6.76324
-6.76106
-6.75689
-6.75693
-6.75569
-6.75582
-6.75949
-6.76616
-6.77181
-6.77673
-6.77881
-6.78061
-6.78356
-6.78472
-6.78692
-6.78745
-6.78658
-6.782
-6.77423
-6.76287
-6.74685
-6.72964
-6.71515
-6.70555
-6.70271
-6.70314
-6.71055
-6.7197
-6.72846
-6.73732
-6.74076
-6.73904
-6.73345
-6.72067
-6.70586
-6.68832
-6.67285
-6.66556
-6.66516
-6.67054
-6.6869
-6.7135
-6.745
-6.77375
-6.80295
-6.82948
-6.84792
-6.86108
-6.868
-6.87011
-6.86742
-6.86106
-6.85041
-6.83742
-6.82285
-6.8096
-6.79527
-6.78122
-6.76808
-6.75414
-6.74177
-6.73118
-6.72668
-6.72837
-6.73344
-6.74964
-6.77029
-6.78714
-6.79921
-6.80582
-6.80392
-6.79894
-6.78801
-6.77779
-6.77041
-6.76993
-6.771
-6.77579
-6.77874
-6.77782
-6.77799
-6.77437
-6.77079
-6.76297
-6.7569
-6.75452
-6.75051
-6.74759
-6.7431
-6.73692
-6.73668
-6.73976
-6.74658
-6.7555
-6.7665
-6.77234
-6.7733
-6.77239
-6.76373
-6.75231
-6.73926
-6.72594
-6.71499
-6.702
-6.68857
-6.67895
-6.67095
-6.66787
-6.66944
-6.67737
-6.68856
-6.70331
-6.72319
-6.74641
-6.76761
-6.78667
-6.80362
-6.81627
-6.82259
-6.82227
-6.81411
-6.804
-6.79097
-6.77715
-6.76864
-6.76347
-6.7622
-6.76307
-6.76836
-6.77486
-6.77999
-6.7863
-6.79298
-6.80103
-6.80282
-6.80194
-6.79684
-6.78634
-6.77083
-6.75475
-6.7334
-6.7144
-6.69949
-6.69017
-6.69197
-6.69433
-6.70105
-6.70905
-6.71468
-6.71939
-6.72383
-6.72741
-6.72936
-6.72949
-6.73012
-6.73171
-6.73458
-6.74039
-6.74706
-6.75834
-6.77112
-6.78461
-6.79769
-6.80574
-6.80907
-6.80713
-6.79989
-6.78886
-6.77848
-6.76337
-6.7507
-6.7444
-6.74361
-6.74848
-6.75794
-6.76836
-6.78117
-6.79051
-6.80065
-6.80832
-6.8176
-6.82523
-6.83233
-6.84018
-6.84152
-6.83797
-6.83012
-6.8158
-6.80052
-6.77751
-6.75236
-6.72845
-6.70352
-6.68386
-6.67187
-6.66676
-6.67014
-6.68119
-6.69933
-6.72331
-6.74681
-6.76981
-6.78757
-6.79628
-6.80181
-6.7995
-6.79831
-6.78983
-6.78075
-6.77312
-6.76376
-6.75406
-6.74341
-6.73604
-6.72889
-6.72188
-6.72126
-6.72643
-6.73331
-6.74212
-6.75136
-6.75878
-6.76561
-6.76635
-6.76711
-6.76327
-6.75747
-6.74979
-6.7447
-6.73858
-6.73392
-6.72933
-6.7226
-6.71731
-6.71227
-6.71306
-6.7122
-6.71298
-6.71626
-6.71901
-6.7266
-6.73381
-6.74196
-6.74955
-6.76078
-6.76892
-6.7819
-6.79182
-6.79975
-6.8025
-6.79945
-6.7882
-6.77081
-6.74674
-6.72158
-6.69779
-6.68217
-6.67209
-6.67495
-6.68756
-6.71007
-6.73651
-6.76653
-6.79567
-6.82023
-6.8427
-6.86097
-6.87694
-6.88888
-6.89848
-6.9013
-6.90004
-6.89088
-6.88047
-6.86281
-6.84147
-6.81778
-6.79406
-6.7725
-6.75049
-6.73109
-6.71369
-6.69907
-6.68866
-6.68437
-6.68658
-6.697
-6.71636
-6.73889
-6.75816
-6.77187
-6.77873
-6.77446
-6.76132
-6.74516
-6.72383
-6.7067
-6.69109
-6.68404
-6.68693
-6.69883
-6.71561
-6.73895
-6.76224
-6.78277
-6.79573
-6.79883
-6.79312
-6.77979
-6.76463
-6.75349
-6.74636
-6.74718
-6.75251
-6.75857
-6.76856
-6.77639
-6.78408
-6.7915
-6.79846
-6.8006
-6.80393
-6.80106
-6.79466
-6.78386
-6.76914
-6.75556
-6.74061
-6.73237
-6.73326
-6.74234
-6.75986
-6.77937
-6.79716
-6.80844
-6.81549
-6.81343
-6.80438
-6.78459
-6.76251
-6.74146
-6.72427
-6.7146
-6.71541
-6.72498
-6.74044
-6.75937
-6.77861
-6.79435
-6.80607
-6.8174
-6.82354
-6.82633
-6.82865
-6.82922
-6.8297
-6.82799
-6.82601
-6.82224
-6.81381
-6.8045
-6.79105
-6.77654
-6.75357
-6.7323
-6.71217
-6.69287
-6.68064
-6.67691
-6.68489
-6.69654
-6.71392
-6.72734
-6.73595
-6.73692
-6.73139
-6.71728
-6.69786
-6.68012
-6.66449
-6.6574
-6.66117
-6.67502
-6.69574
-6.72281
-6.75376
-6.78775
-6.81961
-6.8482
-6.87072
-6.88936
-6.8977
-6.89592
-6.89001
-6.87389
-6.85389
-6.83554
-6.81645
-6.79968
-6.78669
-6.77575
-6.76381
-6.75327
-6.73946
-6.72308
-6.70752
-6.68795
-6.67291
-6.65935
-6.65354
-6.65199
-6.66027
-6.67106
-6.69032
-6.71266
-6.73577
-6.76289
-6.78862
-6.81063
-6.82692
-6.83486
-6.82909
-6.81549
-6.79338
-6.76484
-6.7351
-6.70589
-6.68005
-6.66703
-6.65901
-6.65932
-6.67038
-6.68567
-6.70685
-6.7328
-6.76002
-6.78785
-6.81415
-6.83726
-6.85773
-6.87084
-6.88137
-6.88356
-6.87988
-6.87532
-6.86701
-6.85969
-6.85174
-6.84342
-6.83515
-6.82248
-6.80933
-6.78529
-6.76023
-6.72947
-6.69557
-6.66418
-6.63779
-6.62124
-6.61503
-6.61846
-6.63132
-6.65
-6.67162
-6.69301
-6.71489
-6.736
-6.75483
-6.77291
-6.79366
-6.80987
-6.82801
-6.83961
-6.84469
-6.84496
-6.83908
-6.8287
-6.8173
-6.80204
-6.79164
-6.78241
-6.7765
-6.77668
-6.78194
-6.78816
-6.79897
-6.81042
-6.82138
-6.82899
-6.82865
-6.81867
-6.80269
-6.78143
-6.76181
-6.74184
-6.72758
-6.71796
-6.71617
-6.71917
-6.72833
-6.74004
-6.75316
-6.76196
-6.76629
-6.76605
-6.76226
-6.75406
-6.7415
-6.72641
-6.71012
-6.69446
-6.68514
-6.68217
-6.68744
-6.70013
-6.71461
-6.73216
-6.74816
-6.76184
-6.77448
-6.78071
-6.78329
-6.78224
-6.7788
-6.77416
-6.76648
-6.75898
-6.75379
-6.75038
-6.75303
-6.7562
-6.76154
-6.76865
-6.77486
-6.77997
-6.78223
-6.78037
-6.7773
-6.77093
-6.7633
-6.75497
-6.752
-6.75338
-6.75734
-6.76576
-6.77554
-6.78304
-6.78968
-6.79412
-6.78969
-6.78046
-6.7719
-6.75598
-6.74145
-6.72707
-6.71699
-6.71276
-6.72
-6.73333
-6.75905
-6.78743
-6.82221
-6.85412
-6.88043
-6.89581
-6.90141
-6.89126
-6.87107
-6.83813
-6.79748
-6.74884
-6.70124
-6.65852
-6.62583
-6.60375
-6.59653
-6.60253
-6.62355
-6.65323
-6.68406
-6.71845
-6.74803
-6.77211
-6.78856
-6.79556
-6.79289
-6.78549
-6.77419
-6.76427
-6.754
-6.74928
-6.74987
-6.75844
-6.77099
-6.78503
-6.80013
-6.8172
-6.83282
-6.84859
-6.86631
-6.87672
-6.88654
-6.89003
-6.888
-6.88059
-6.86821
-6.84634
-6.81824
-6.78962
-6.76301
-6.73803
-6.71637
-6.70253
-6.68702
-6.67743
-6.67242
-6.66944
-6.6709
-6.68007
-6.69451
-6.71688
-6.7415
-6.76361
-6.77696
-6.78341
-6.78467
-6.77765
-6.76837
-6.7544
-6.74195
-6.72766
-6.71163
-6.69567
-6.68505
-6.67591
-6.67285
-6.67592
-6.68274
-6.69582
-6.7127
-6.73094
-6.75076
-6.76646
-6.7787
-6.79441
-6.80622
-6.81268
-6.82195
-6.827
-6.82642
-6.82448
-6.8189
-6.81357
-6.8076
-6.80544
-6.80116
-6.79685
-6.79289
-6.78358
-6.77062
-6.7531
-6.73126
-6.71248
-6.69789
-6.68625
-6.68278
-6.68896
-6.69848
-6.71219
-6.73197
-6.75583
-6.78536
-6.81203
-6.83723
-6.85759
-6.87116
-6.87366
-6.86581
-6.85196
-6.83236
-6.81264
-6.79639
-6.78463
-6.77898
-6.77818
-6.77896
-6.78531
-6.79391
-6.80584
-6.81817
-6.8275
-6.83204
-6.82924
-6.82062
-6.80397
-6.78149
-6.75542
-6.72563
-6.69726
-6.67522
-6.66213
-6.65606
-6.66079
-6.67234
-6.68776
-6.71038
-6.7312
-6.75185
-6.77117
-6.78776
-6.79994
-6.80667
-6.80268
-6.79261
-6.77532
-6.75399
-6.73346
-6.71719
-6.70262
-6.69603
-6.69585
-6.70274
-6.71772
-6.73711
-6.75807
-6.7776
-6.79745
-6.81118
-6.8195
-6.82558
-6.82991
-6.83156
-6.82687
-6.82648
-6.81971
-6.81347
-6.80709
-6.80092
-6.79483
-6.78762
-6.78126
-6.77069
-6.75968
-6.74759
-6.73862
-6.7292
-6.72584
-6.72642
-6.72789
-6.72824
-6.72857
-6.72344
-6.71986
-6.71377
-6.70221
-6.69052
-6.68192
-6.67586
-6.6737
-6.67494
-6.67596
-6.67857
-6.68457
-6.69371
-6.70064
-6.71035
-6.71903
-6.72729
-6.73547
-6.73945
-6.74522
-6.75329
-6.76339
-6.77641
-6.7937
-6.80957
-6.82804
-6.84293
-6.85353
-6.85928
-6.85604
-6.84963
-6.8354
-6.81761
-6.79608
-6.77495
-6.75421
-6.74222
-6.73908
-6.74493
-6.75969
-6.77991
-6.80134
-5.8211
-5.85742
-5.89568
-5.92124
-5.93069
-5.92143
-5.90097
-5.87983
-5.86406
-5.85161
-5.84444
-5.83666
-5.83263
-5.83776
-5.85285
-5.87555
-5.90375
-5.93095
-5.94599
-5.95094
-5.94287
-5.92749
-5.90787
-5.89
-5.86922
-5.84958
-5.83398
-5.82313
-5.82226
-5.8295
-5.84592
-5.87098
-5.90079
-5.93885
-5.98206
-6.02208
-6.05844
-6.08411
-6.09551
-6.09461
-6.08564
-6.06844
-6.04776
-6.02313
-5.99857
-5.97804
-5.96008
-5.94042
-5.91899
-5.89525
-5.86776
-5.84329
-5.82537
-5.81764
-5.81518
-5.82036
-5.83699
-5.86564
-5.90391
-5.94683
-5.98481
-6.01377
-6.03708
-6.0581
-6.06939
-6.07053
-6.05742
-6.0285
-5.98549
-5.92826
-5.86179
-5.8017
-5.7586
-5.74611
-5.7616
-5.78995
-5.81279
-5.82427
-5.82244
-5.8133
-5.80174
-5.80176
-5.81487
-5.84169
-5.87782
-5.91793
-5.95714
-5.99551
-6.02466
-6.03834
-6.03858
-6.02408
-5.99876
-5.9716
-5.94074
-5.90372
-5.8614
-5.81798
-5.78842
-5.78809
-5.81349
-5.86401
-5.92124
-5.97561
-6.02173
-6.06417
-6.09445
-6.10414
-6.08914
-6.04795
-5.99042
-5.93237
-5.88599
-5.86065
-5.85591
-5.86467
-5.87909
-5.89232
-5.89984
-5.90649
-5.91377
-5.91971
-5.92571
-5.92915
-5.92945
-5.924
-5.91312
-5.8977
-5.88284
-5.86845
-5.85924
-5.85482
-5.86063
-5.87752
-5.9011
-5.93075
-5.95847
-5.98023
-5.99565
-6.00226
-6.00461
-6.0052
-6.00131
-5.99826
-5.98898
-5.97337
-5.94572
-5.90916
-5.86026
-5.80809
-5.75297
-5.70427
-5.67462
-5.66876
-5.69262
-5.74381
-5.81691
-5.89297
-5.95882
-5.99886
-6.0108
-5.99882
-5.9757
-5.95355
-5.94783
-5.95326
-5.9596
-5.95541
-5.94622
-5.9371
-5.93344
-5.93938
-5.948
-5.96021
-5.97681
-5.99339
-6.01458
-6.03599
-6.04854
-6.04551
-6.02902
-5.99141
-5.9411
-5.88698
-5.8341
-5.79337
-5.76072
-5.73731
-5.72753
-5.74075
-5.77774
-5.83415
-5.89219
-5.93988
-5.97488
-5.99263
-5.99936
-5.99408
-5.9801
-5.95932
-5.93397
-5.90329
-5.87293
-5.84455
-5.82656
-5.81443
-5.80533
-5.80353
-5.80804
-5.82369
-5.85085
-5.88754
-5.92985
-5.96917
-5.99998
-6.02254
-6.0341
-6.02919
-6.01049
-5.98267
-5.95776
-5.93765
-5.92908
-5.92926
-5.93725
-5.94986
-5.971
-5.99505
-6.0182
-6.03331
-6.04064
-6.0392
-6.03151
-6.02567
-6.02184
-6.02995
-6.03924
-6.05437
-6.06452
-6.07043
-6.07864
-6.08186
-6.07735
-6.0604
-6.02297
-5.96621
-5.89228
-5.8108
-5.73775
-5.68571
-5.65666
-5.64451
-5.64405
-5.64721
-5.65158
-5.65868
-5.67954
-5.71677
-5.76779
-5.82784
-5.89049
-5.95285
-6.00673
-6.04784
-6.06764
-6.06888
-6.04443
-5.9942
-5.93573
-5.8802
-5.83397
-5.81188
-5.80984
-5.8289
-5.85997
-5.89742
-5.9372
-5.96521
-5.98256
-5.97937
-5.95451
-5.91595
-5.86803
-5.81549
-5.77722
-5.7569
-5.75882
-5.7805
-5.81354
-5.85136
-5.88626
-5.91279
-5.93091
-5.94434
-5.95123
-5.95654
-5.95983
-5.9597
-5.95528
-5.94502
-5.93163
-5.91023
-5.88589
-5.86216
-5.84437
-5.83446
-5.84388
-5.86677
-5.9035
-5.94711
-5.98679
-6.00977
-6.0103
-5.98379
-5.93693
-5.87939
-5.82802
-5.79036
-5.7741
-5.77338
-5.78824
-5.81227
-5.84032
-5.87312
-5.90612
-5.93772
-5.9618
-5.98302
-6.00247
-6.02016
-6.03675
-6.05155
-6.0603
-6.06455
-6.0564
-6.03699
-6.00591
-5.97057
-5.9387
-5.91754
-5.90666
-5.90323
-5.90268
-5.90218
-5.89774
-5.89692
-5.897
-5.9044
-5.90748
-5.90464
-5.89715
-5.87856
-5.86107
-5.84408
-5.82948
-5.81691
-5.80915
-5.81118
-5.82841
-5.86606
-5.91978
-5.98577
-6.04806
-6.09144
-6.11214
-6.10379
-6.06683
-6.00875
-5.94296
-5.87694
-5.82355
-5.7912
-5.77887
-5.78414
-5.80466
-5.84006
-5.87767
-5.91307
-5.94172
-5.95692
-5.95788
-5.94374
-5.92128
-5.89201
-5.85786
-5.82511
-5.802
-5.79124
-5.79362
-5.8062
-5.82423
-5.8413
-5.85614
-5.87167
-5.8911
-5.91702
-5.94957
-5.989
-6.02595
-6.05329
-6.06847
-6.07081
-6.06263
-6.04869
-6.03005
-6.00753
-5.97916
-5.95906
-5.94459
-5.93494
-5.92886
-5.91392
-5.89144
-5.85507
-5.81783
-5.79469
-5.79896
-5.83448
-5.88804
-5.94732
-5.99975
-6.03705
-6.05487
-6.0539
-6.03996
-6.00984
-5.97429
-5.93048
-5.88748
-5.84233
-5.80336
-5.77778
-5.76725
-5.76919
-5.77965
-5.78876
-5.7922
-5.79627
-5.80569
-5.82887
-5.86517
-5.90038
-5.92408
-5.93345
-5.92597
-5.90535
-5.87758
-5.85136
-5.82666
-5.81058
-5.79865
-5.79828
-5.81597
-5.85471
-5.90614
-5.96555
-6.02267
-6.06615
-6.08577
-6.08079
-6.0559
-6.02089
-5.98032
-5.93867
-5.90457
-5.88518
-5.87725
-5.88203
-5.89907
-5.92056
-5.94387
-5.95868
-5.96144
-5.95334
-5.938
-5.92184
-5.90896
-5.89271
-5.87162
-5.84803
-5.82768
-5.82089
-5.82313
-5.84144
-5.86645
-5.89714
-5.92357
-5.94331
-5.95353
-5.9534
-5.94528
-5.93026
-5.91024
-5.88653
-5.86217
-5.84697
-5.84265
-5.85457
-5.87631
-5.89625
-5.91265
-5.91613
-5.90626
-5.89009
-5.87357
-5.86416
-5.86867
-5.89185
-5.92039
-5.9496
-5.97427
-5.98806
-5.99137
-5.99137
-5.99435
-6.00325
-6.02357
-6.04657
-6.06534
-6.07631
-6.07758
-6.07287
-6.06627
-6.06286
-6.06135
-6.06251
-6.05783
-6.04986
-6.03433
-6.01019
-5.98036
-5.95266
-5.9307
-5.91182
-5.89392
-5.8771
-5.86587
-5.85861
-5.85577
-5.85509
-5.85696
-5.85477
-5.84794
-5.8315
-5.80558
-5.77002
-5.73141
-5.70154
-5.69211
-5.70581
-5.73649
-5.77603
-5.81248
-5.84432
-5.86629
-5.88606
-5.90412
-5.91648
-5.92624
-5.92238
-5.90009
-5.86765
-5.82457
-5.77767
-5.73887
-5.71493
-5.71273
-5.73322
-5.77895
-5.83479
-5.89091
-5.94106
-5.97809
-6.00327
-6.01583
-6.02289
-6.02634
-6.02785
-6.02942
-6.03503
-6.03583
-6.03526
-6.0332
-6.02352
-6.00884
-5.98839
-5.96817
-5.95353
-5.95063
-5.95959
-5.97996
-6.00504
-6.01672
-6.01543
-5.99909
-5.97523
-5.95053
-5.92579
-5.90405
-5.88645
-5.87007
-5.85637
-5.84337
-5.82727
-5.80554
-5.77575
-5.74552
-5.72424
-5.71695
-5.72142
-5.73605
-5.75337
-5.76998
-5.78734
-5.81055
-5.84499
-5.89376
-5.95363
-6.01182
-6.06025
-6.09002
-6.10047
-6.0943
-6.07884
-6.05969
-6.04444
-6.03791
-6.0382
-6.04411
-6.05233
-6.05683
-6.05918
-6.05055
-6.02557
-5.98322
-5.92156
-5.85579
-5.80136
-5.76669
-5.76027
-5.77831
-5.81024
-5.84332
-5.86473
-5.86826
-5.86876
-5.86827
-5.87232
-5.87744
-5.88144
-5.88477
-5.88596
-5.89194
-5.90658
-5.92835
-5.95193
-5.9717
-5.97644
-5.96704
-5.94082
-5.89909
-5.85375
-5.80511
-5.7666
-5.75234
-5.765
-5.80475
-5.85679
-5.91164
-5.96266
-6.00858
-6.0499
-6.08132
-6.10578
-6.11138
-6.10598
-6.08756
-6.05745
-6.02292
-5.98652
-5.95075
-5.92254
-5.90815
-5.91187
-5.93016
-5.95273
-5.97504
-5.98905
-5.9993
-6.00489
-6.01128
-6.01889
-6.02961
-6.04398
-6.05736
-6.06208
-6.05699
-6.03346
-5.99064
-5.93213
-5.85493
-5.77718
-5.70971
-5.6636
-5.64977
-5.66274
-5.69295
-5.72514
-5.74863
-5.75578
-5.74247
-5.71963
-5.69496
-5.68161
-5.68489
-5.70823
-5.74706
-5.80079
-5.85438
-5.90745
-5.94841
-5.97981
-6.00338
-6.01408
-6.01142
-5.99535
-5.96681
-5.93161
-5.9048
-5.89237
-5.89112
-5.89934
-5.90699
-5.90377
-5.89343
-5.87796
-5.86451
-5.85871
-5.86337
-5.87861
-5.89544
-5.91014
-5.91864
-5.92544
-5.93247
-5.94577
-5.96402
-5.9827
-5.99217
-5.99298
-5.98786
-5.9796
-5.97201
-5.9729
-5.98169
-6.00232
-6.03346
-6.0705
-6.11023
-6.13955
-6.15691
-6.1601
-6.14441
-6.11147
-6.06038
-5.99855
-5.94026
-5.9054
-5.89005
-5.89019
-5.89807
-5.90316
-5.90664
-5.90753
-5.91516
-5.92956
-5.94825
-5.9692
-5.98913
-5.99865
-5.99725
-5.98206
-5.95619
-5.91734
-5.8706
-5.82466
-5.78505
-5.75959
-5.75043
-5.75133
-5.76167
-5.77607
-5.79207
-5.80579
-5.81319
-5.81496
-5.8115
-5.80158
-5.78791
-5.77345
-5.76643
-5.7758
-5.80116
-5.83894
-5.87263
-5.89576
-5.90454
-5.90361
-5.89941
-5.89977
-5.90679
-5.92526
-5.95221
-5.98419
-6.01446
-6.03415
-6.03662
-6.02327
-5.99633
-5.9646
-5.92296
-5.88438
-5.8516
-5.82529
-5.81002
-5.80765
-5.81858
-5.84528
-5.87941
-5.92365
-5.96458
-5.99389
-6.00931
-6.00763
-5.99279
-5.96539
-5.93187
-5.89727
-5.86092
-5.81933
-5.7857
-5.76747
-5.77663
-5.81312
-5.85376
-5.89076
-5.91637
-5.92853
-5.93189
-5.93221
-5.92552
-5.91569
-5.89869
-5.87855
-5.85385
-5.8346
-5.82495
-5.83674
-5.86587
-5.90977
-5.95752
-6.00478
-6.04795
-6.07901
-6.09702
-6.09505
-6.07913
-6.05142
-6.0146
-5.9719
-5.92652
-5.88472
-5.86024
-5.85599
-5.87173
-5.89693
-5.91891
-5.92962
-5.925
-5.90224
-5.86712
-5.83362
-5.80965
-5.79833
-5.80636
-5.82712
-5.85356
-5.87677
-5.89025
-5.8859
-5.85846
-5.80954
-5.74827
-5.6908
-5.65559
-5.66186
-5.7093
-5.7917
-5.89036
-5.98385
-6.06104
-6.11798
-6.14875
-6.15317
-6.1351
-6.09515
-6.03667
-5.96206
-5.87545
-5.78206
-5.6923
-5.62377
-5.59207
-5.60886
-5.6653
-5.73547
-5.80827
-5.86969
-5.91365
-5.94494
-5.96953
-5.98977
-6.00578
-6.01415
-6.01043
-5.99025
-5.95429
-5.91222
-5.86858
-5.8365
-5.82094
-5.82293
-5.84319
-5.87274
-5.91438
-5.95755
-5.99763
-6.02567
-6.04101
-6.04089
-6.03387
-6.0233
-6.01268
-5.99198
-5.97216
-5.95698
-5.94936
-5.95764
-5.9733
-5.98443
-5.9873
-5.9838
-5.97636
-5.97275
-5.98102
-6.00192
-6.03176
-6.0596
-6.07543
-6.07257
-6.04589
-5.99386
-5.92845
-5.8568
-5.79122
-5.74495
-5.72289
-5.72065
-5.72567
-5.72107
-5.70097
-5.66649
-5.63436
-5.6219
-5.63135
-5.65612
-5.6913
-5.72564
-5.75857
-5.78565
-5.80659
-5.81881
-5.82379
-5.82294
-5.82632
-5.84018
-5.86386
-5.89629
-5.93532
-5.97245
-5.99698
-6.00931
-6.00925
-5.9993
-5.98522
-5.96802
-5.94926
-5.92926
-5.91281
-5.90393
