	0	0	0
	0	0	0
	0	0	0
	0	0	0
	0	0	0
	0	0	0
	0	0	0
	0	0	0
	0	0	0
	0	0	0
	0	0	0
	0	0	0
	0	0	0
	0	0	0
	0	0	0
	0	0	0
	0	0	0
	0	0	0
	0	0	0
	0	0	0
	0	0	0
	0	0	0
	0	0	0
	0	0	0
	0	0	0
	0	0	0
	0	0	0
	0	0	0
	0	0	0
	0	0	0
	0	0	0
	0	0	0
	0	0	0
	0	0	0
	0	0	0
	0	0	0
	0	0	0
	0	0	0
	0.000147281	8.5423e-05	1.11126e-05
	0.00363788	0.00347348	7.81338e-05
	0.05204	0.0475268	0.00030286
	0.317085	0.293345	0.00102459
	1.03822	1.00624	0.00214036
	2.25469	2.23792	0.00247134
	3.601	3.6265	0.00251589
	4.62199	4.62155	0.00215315
	4.87428	4.89543	0.00354433
	4.44504	4.49195	0.00371728
	3.63921	3.65888	0.00310436
	2.67071	2.69465	0.00203298
	1.80103	1.81527	0.00119198
	1.13566	1.1321	0.00110795
	0.666444	0.653375	0.00132655
	0.367447	0.353151	0.00108903
	0.199406	0.179801	0.000866899
	0.0990837	0.0885193	0.000594767
	0.0576517	0.0487776	0.000432376
	0.0528576	0.0417205	0.000405848
	0.064909	0.0604272	0.000462873
	0.115347	0.105573	0.000535763
	0.190714	0.183827	0.000585822
	0.307796	0.30072	0.000638489
	0.456051	0.453446	0.000613616
	0.619658	0.628304	0.000607884
	0.797249	0.797514	0.000842948
	0.908271	0.921991	0.00108081
	0.948004	0.970965	0.00133534
	0.918447	0.929929	0.00122119
	0.79754	0.808528	0.000981238
	0.639185	0.641218	0.000631684
	0.465183	0.465099	0.000596838
	0.314006	0.316573	0.00060992
	0.234297	0.219314	0.000797207
	0.206587	0.191518	0.000921083
	0.276148	0.254651	0.0010792
	0.459363	0.433916	0.00136443
	0.778157	0.749062	0.00145632
	1.20883	1.19656	0.00116531
	1.71968	1.72711	0.000909324
	2.21894	2.23465	0.00138214
	2.57816	2.59794	0.0021352
	2.67602	2.71562	0.00261292
	2.52943	2.55908	0.00257613
	2.14807	2.18198	0.00183027
	1.66666	1.69028	0.000997117
	1.2035	1.20035	0.000887476
	0.825869	0.801243	0.00125636
	0.569642	0.54198	0.0015389
	0.450641	0.433445	0.00135715
	0.475663	0.460307	0.00114083
	0.596822	0.586797	0.000898943
	0.765848	0.758309	0.000497538
	0.910535	0.916559	0.00061676
	1.00993	1.01517	0.000978597
	1.01564	1.023	0.001069
	0.913868	0.919228	0.000799149
	0.775086	0.780484	0.000586211
	0.656417	0.653833	0.000657846
	0.588286	0.571036	0.00104566
	0.591659	0.572848	0.00133199
