0 -2.14207 0.00369925
1 0.172252 0.327404
2 0.514314 0.266857
3 0.340485 0.372509
4 0.606939 0.29342
5 0.362296 0.349047
6 0.815963 0.333976
7 0.593804 0.256312
8 0.277169 0.295187
9 0.13048 0.258271
10 0.717788 0.186899
11 0.361345 0.199215
12 0.649282 0.212271
13 0.430519 0.212493
14 -0.185061 0.263653
15 0.399607 0.259876
16 0.0355055 0.215835
17 0.482358 0.324194
18 0.343724 0.188365
19 0.244594 0.275758
20 0.557276 0.231391
21 0.698845 0.234452
22 0.398236 0.241472
23 0.636018 0.200532
24 0.0479989 0.294068
25 0.386671 0.207919
26 0.249297 0.341317
27 0.00412539 0.272255
28 0.164416 0.271959
29 0.525827 0.2539
30 0.247396 0.258457
31 0.512689 0.215864
32 0.644705 0.238799
33 0.420989 0.279605
34 -0.161218 0.246592
35 0.588074 0.257201
36 0.578939 0.247012
37 -0.263612 0.202777
38 0.642883 0.209432
39 -0.151177 0.205673
40 -0.145922 0.237758
41 0.689623 0.223704
42 0.570187 0.224837
43 0.597048 0.198998
44 0.662479 0.219305
45 0.280613 0.269397
46 0.541043 0.228062
47 0.225643 0.221787
48 0.471898 0.195011
49 0.0628184 0.173754
50 0.344177 0.1108
51 -0.0108481 0.205481
52 0.0436328 0.202311
53 0.57935 0.217824
54 0.161419 0.18752
55 0.31034 0.194999
56 0.370196 0.171601
57 0.624676 0.214047
58 0.345935 0.253766
59 -0.00464562 0.263866
60 0.552399 0.18853
61 0.833754 0.20567
62 0.626632 0.158883
63 0.0205958 0.152585
64 0.098968 0.283762
65 0.811003 0.168013
66 0.234792 0.185522
67 0.282158 0.156969
68 0.330875 0.23059
69 0.793098 0.224711
70 0.209262 0.213493
71 0.191363 0.181429
72 0.553867 0.227605
73 0.508499 0.207389
74 0.23048 0.188397
75 -0.0955617 0.183428
76 0.278516 0.183789
77 -0.0406482 0.174566
78 0.00695307 0.250498
79 -0.0400677 0.165721
80 0.304282 0.196774
81 0.0362039 0.187848
82 0.512043 0.242878
83 0.230427 0.170925
84 0.47516 0.188159
85 0.141748 0.215682
86 0.55276 0.174128
87 -0.204026 0.171159
88 0.345484 0.224436
89 0.23236 0.235918
90 0.325556 0.176653
91 -0.0140012 0.223711
92 0.0607386 0.200041
93 0.129726 0.202306
94 0.190302 0.182163
95 -0.0797018 0.213596
96 0.154426 0.172896
97 0.21903 0.185556
98 0.651772 0.131
99 0.36952 0.172427
100 0.439788 0.233184
101 0.474682 0.248841
102 -0.0732638 0.195223
103 0.439072 0.174755
104 0.716904 0.236148
105 0.434873 0.164898
106 0.125162 0.212322
107 0.403693 0.148355
108 0.410438 0.155034
109 0.325823 0.199749
110 0.128398 0.157985
111 -0.334588 0.216215
112 0.274045 0.225515
113 0.504769 0.207745
114 0.361309 0.169305
115 0.450876 0.190753
116 0.386029 0.201131
117 0.592559 0.162259
118 0.621025 0.144405
119 0.65533 0.176732
120 0.411784 0.169372
121 -0.191799 0.194719
122 0.196016 0.144299
123 0.409447 0.204092
124 0.378653 0.162342
125 0.417022 0.193679
126 0.597754 0.202904
127 0.0992269 0.177511
128 0.171307 0.188254
129 0.724171 0.171269
130 0.220306 0.229503
131 0.317962 0.182207
132 0.348437 0.130148
133 0.274276 0.192425
134 0.8085 0.183117
135 0.271241 0.25233
136 0.568717 0.180279
137 0.201867 0.169118
138 0.30502 0.194031
139 0.33026 0.210027
140 0.326317 0.17982
141 0.227283 0.131196
142 0.435813 0.22794
143 0.0395199 0.197512
144 0.562516 0.132986
145 0.307087 0.18962
146 -0.134086 0.193803
147 0.384645 0.194218
148 0.200729 0.200446
149 0.253796 0.188705
150 0.330667 0.195874
151 -0.107873 0.190385
152 0.14891 0.201733
153 0.328569 0.204858
154 0.328127 0.187592
155 0.346055 0.204822
156 -0.0495264 0.214238
157 0.290984 0.167904
158 0.103712 0.207529
159 0.269199 0.18882
160 0.338048 0.176201
161 -0.110514 0.196165
162 0.0965744 0.189199
163 0.252072 0.219795
164 0.501443 0.161499
165 0.325262 0.225102
166 0.1355 0.201453
167 -0.0851246 0.246293
168 0.34918 0.145582
169 0.322262 0.226148
170 0.118147 0.240303
171 0.427517 0.166845
172 0.416043 0.169243
173 0.269251 0.20793
174 0.380876 0.15505
175 0.0139839 0.181282
176 0.18517 0.197739
177 0.300861 0.180783
178 0.336157 0.127438
179 0.233151 0.200091
180 0.46396 0.196381
181 0.0522012 0.192676
182 0.493402 0.236531
183 0.519437 0.217931
184 0.131509 0.20816
185 0.460304 0.198554
186 0.148824 0.196464
187 0.131911 0.167831
188 0.115863 0.139366
189 0.324013 0.171062
190 0.506978 0.12029
191 0.0711078 0.192824
192 0.423512 0.197571
193 0.340978 0.167974
194 0.172182 0.235217
195 0.211164 0.235075
196 0.16764 0.191845
197 0.288732 0.24362
198 0.650132 0.213197
199 0.369148 0.216592
200 -0.0762424 0.197333
201 0.349922 0.194116
202 0.337843 0.24433
203 0.988767 0.206811
204 0.118217 0.168154
205 0.311343 0.190696
206 0.33292 0.144572
207 0.352387 0.196598
208 0.176091 0.183239
209 0.677894 0.204095
210 0.19038 0.185998
211 0.177972 0.204285
212 0.415987 0.203631
213 0.0351402 0.199018
214 0.430749 0.167708
215 0.361604 0.22215
216 0.504024 0.269452
217 0.908413 0.163084
218 0.431029 0.251475
219 0.384056 0.162345
220 0.401019 0.260205
221 0.553242 0.226586
222 0.65477 0.189673
223 0.210249 0.194731
224 0.324636 0.184412
225 0.0623369 0.241176
226 0.172653 0.249769
227 0.247005 0.279801
228 0.194254 0.171879
229 0.230828 0.256697
230 0.172292 0.222635
231 0.139832 0.172091
232 0.080476 0.161427
233 0.353782 0.174264
234 0.393569 0.26035
235 0.578247 0.241353
236 0.443429 0.262271
237 0.282635 0.19373
238 0.608845 0.22514
239 0.38926 0.234323
240 0.0532859 0.173404
241 0.600969 0.170344
242 0.266531 0.186363
243 0.470239 0.19393
244 0.31326 0.184175
245 0.186125 0.185281
246 0.186236 0.197146
247 0.113877 0.134405
248 0.162431 0.211148
249 -0.0574996 0.254251
250 0.10379 0.205754
251 0.212941 0.227743
252 0.146766 0.216232
253 0.642243 0.262218
254 0.303084 0.19717
255 -0.0441401 0.24225
256 0.474046 0.185216
257 0.363645 0.2487
258 0.286184 0.245579
259 0.372923 0.234719
260 0.492186 0.257484
261 0.554465 0.188601
262 0.362625 0.160035
263 0.369797 0.277494
264 1.09672 0.292045
265 0.472798 0.199197
266 0.0804138 0.176759
267 0.099449 0.300445
268 0.212978 0.246804
269 0.581753 0.208969
270 0.151246 0.236278
271 0.492042 0.1825
272 0.140533 0.24947
273 0.105276 0.208264
274 0.112423 0.246225
275 0.441141 0.248387
276 0.799463 0.233724
277 0.499929 0.285322
278 0.0840858 0.309735
279 0.132026 0.218334
280 0.196199 0.310933
281 0.907886 0.217529
282 0.223149 0.215959
283 0.247152 0.30627
284 0.0971717 0.252786
285 -0.060156 0.23606
286 0.625268 0.295438
287 0.297524 0.223739
288 0.408173 0.263347
289 0.545061 0.297474
290 0.182115 0.33537
291 0.792082 0.236664
292 0.443794 0.347533
293 0.263524 0.297464
294 0.211448 0.186498
295 0.192038 0.361739
296 0.253918 0.256282
297 0.490632 0.250659
298 0.727927 0.335872
299 -2.14805 0.00300094
