0 -2.15026 0.00305609
1 0.588225 0.260653
2 0.242101 0.294394
3 -0.181701 0.358322
4 1.05155 0.352703
5 0.0739855 0.459578
6 0.862001 0.43355
7 0.483426 0.343307
8 0.548847 0.369159
9 0.171724 0.319823
10 0.701707 0.342939
11 0.333031 0.342418
12 0.857302 0.19995
13 0.471478 0.27747
14 -0.137085 0.198869
15 0.337152 0.292375
16 -0.30479 0.231142
17 0.895658 0.414571
18 0.298683 0.3601
19 0.949239 0.36429
20 0.239401 0.296847
21 0.551736 0.282926
22 0.45956 0.378161
23 0.179832 0.271573
24 0.455046 0.200882
25 0.295094 0.318717
26 0.441912 0.39674
27 -0.167638 0.26481
28 -0.0434869 0.350909
29 0.732527 0.268723
30 0.331581 0.270946
31 0.830966 0.308848
32 1.13072 0.251435
33 0.439258 0.253239
34 -0.381035 0.214709
35 0.116838 0.334711
36 0.4727 0.263494
37 -0.269296 0.265846
38 0.911406 0.199391
39 -0.0440789 0.188919
40 0.0844966 0.233354
41 0.152247 0.234927
42 0.601345 0.289278
43 0.454325 0.264478
44 0.982308 0.36252
45 0.1083 0.317725
46 0.708168 0.249026
47 0.00970114 0.256295
48 0.456302 0.249282
49 0.022274 0.259783
50 0.324521 0.28668
51 -0.161834 0.326457
52 -0.353384 0.266589
53 0.752341 0.302568
54 0.00229926 0.272304
55 -0.313393 0.299709
56 0.313457 0.209897
57 0.370872 0.30724
58 0.163097 0.291015
59 0.268575 0.229446
60 0.699615 0.343837
61 0.864746 0.290329
62 0.485408 0.319601
63 -0.215188 0.343949
64 0.469014 0.276342
65 0.53585 0.219434
66 0.172669 0.309963
67 0.330012 0.274371
68 0.56577 0.234194
69 0.763215 0.296721
70 0.236103 0.299561
71 0.00727311 0.174708
72 0.360358 0.215331
73 0.0166173 0.249443
74 0.331454 0.239572
75 0.0341032 0.223984
76 0.428068 0.155014
77 0.208882 0.247581
78 0.138137 0.250961
79 -0.0781016 0.204386
80 0.40118 0.275244
81 0.00405211 0.267531
82 0.51239 0.315339
83 -0.138072 0.183392
84 0.340572 0.218929
85 0.197816 0.281111
86 0.400159 0.255621
87 0.326913 0.269696
88 0.0489499 0.294836
89 0.286687 0.26377
90 0.482269 0.31286
91 0.35324 0.208058
92 0.210691 0.268865
93 0.325512 0.235549
94 0.27131 0.199073
95 -0.161757 0.311949
96 0.618075 0.199926
97 0.432781 0.218584
98 0.665235 0.174523
99 0.225322 0.208641
100 0.631302 0.215631
101 0.591133 0.332049
102 0.177796 0.316462
103 0.77799 0.222247
104 0.709709 0.254718
105 0.128995 0.258972
106 -0.117814 0.278519
107 0.409803 0.23971
108 0.100205 0.201227
109 0.109514 0.297455
110 -0.0457006 0.251854
111 -0.291116 0.194616
112 0.329422 0.356576
113 0.302737 0.224093
114 0.328104 0.289806
115 0.378633 0.255195
116 0.262978 0.319358
117 0.849875 0.207234
118 0.217196 0.237446
119 0.783414 0.306561
120 0.843317 0.257081
121 0.0590379 0.265334
122 0.450853 0.194021
123 0.532797 0.222866
124 0.595541 0.234155
125 0.289722 0.188489
126 0.994947 0.240178
127 -0.322694 0.2265
128 0.0220684 0.205283
129 0.576176 0.238532
130 0.24787 0.311204
131 0.128234 0.255462
132 0.36949 0.276384
133 0.316722 0.230609
134 0.677542 0.271646
135 0.321607 0.218101
136 0.33886 0.163097
137 0.449744 0.289732
138 -0.0717641 0.246271
139 -0.284069 0.223599
140 0.629698 0.210823
141 0.153138 0.249057
142 0.0371109 0.237253
143 -0.0815594 0.305802
144 0.446879 0.213771
145 0.00727691 0.200587
146 -0.0403104 0.1915
147 0.567093 0.285405
148 0.103058 0.251947
149 0.0755836 0.288793
150 0.388328 0.240477
151 -0.116455 0.276052
152 0.092031 0.277475
153 0.10659 0.280586
154 0.515912 0.197153
155 0.180453 0.254056
156 0.174598 0.265094
157 0.512199 0.263921
158 0.0619763 0.28614
159 0.522306 0.232992
160 0.255509 0.226159
161 -0.369113 0.240451
162 -0.00249247 0.184846
163 0.320357 0.2841
164 0.242855 0.233117
165 0.13687 0.257058
166 0.339933 0.25194
167 0.12977 0.161733
168 0.310727 0.263077
169 -0.101281 0.199473
170 0.21206 0.249016
171 0.121803 0.202664
172 0.0637215 0.27002
173 0.280279 0.254745
174 0.268751 0.236139
175 -0.0362119 0.252791
176 0.270792 0.253621
177 0.125535 0.241377
178 0.277313 0.206766
179 0.0462462 0.239444
180 0.399225 0.246363
181 0.0569103 0.204133
182 0.59534 0.316065
183 0.542133 0.238344
184 0.262915 0.200453
185 0.619304 0.281608
186 -0.0660621 0.289603
187 0.409189 0.251984
188 0.0811679 0.290275
189 0.36515 0.277924
190 0.347543 0.237485
191 -0.172245 0.262876
192 -0.0568316 0.257644
193 0.490758 0.266117
194 0.0327558 0.213992
195 0.426749 0.227343
196 0.0130906 0.268325
197 0.237996 0.318905
198 0.479914 0.286492
199 0.313707 0.247981
200 -0.0297669 0.255689
201 0.263152 0.229086
202 0.417742 0.327013
203 1.04445 0.187203
204 -0.165811 0.275505
205 0.465328 0.168746
206 -0.100337 0.242173
207 0.0700046 0.275706
208 0.0370151 0.280203
209 0.776966 0.253246
210 0.173205 0.224991
211 0.395444 0.23705
212 0.0578176 0.315331
213 0.0958842 0.192052
214 0.45374 0.212467
215 0.518652 0.261078
216 0.788246 0.337968
217 1.08522 0.266568
218 0.450681 0.419896
219 0.504339 0.253109
220 0.228884 0.23376
221 0.327406 0.26758
222 0.314445 0.252428
223 0.476354 0.275896
224 0.30675 0.22243
225 0.0716344 0.345434
226 0.475467 0.280991
227 0.0983287 0.326344
228 0.431593 0.293794
229 0.10673 0.214791
230 0.0506182 0.281897
231 -0.0416368 0.237947
232 0.392355 0.204093
233 0.263877 0.259058
234 0.284383 0.228331
235 0.474013 0.253977
236 0.0903424 0.239267
237 0.860228 0.240962
238 0.762705 0.29058
239 0.657877 0.249672
240 0.26976 0.27419
241 0.454326 0.209707
242 0.393061 0.24766
243 0.271995 0.291451
244 0.709602 0.197017
245 -0.0472841 0.211067
246 0.604011 0.282084
247 0.103109 0.241697
248 0.18957 0.240617
249 0.321902 0.24417
250 0.294047 0.283511
251 0.231149 0.24715
252 0.466031 0.217032
253 0.420811 0.355921
254 -0.0536217 0.259442
255 -0.0512154 0.313644
256 0.588341 0.341525
257 0.420352 0.216508
258 -0.0033751 0.314429
259 0.205944 0.263413
260 0.555341 0.284382
261 -0.00692862 0.207791
262 -0.14307 0.22604
263 0.422668 0.270504
264 0.963202 0.330878
265 0.606314 0.24518
266 -0.47624 0.294503
267 0.418119 0.279595
268 0.0345182 0.344809
269 0.738254 0.253778
270 0.239632 0.245228
271 0.867529 0.316535
272 0.486592 0.235711
273 -0.219176 0.286221
274 0.078869 0.243314
275 0.459738 0.391903
276 0.561918 0.201403
277 0.198968 0.278537
278 0.214067 0.455544
279 0.441704 0.371668
280 0.532812 0.299182
281 0.4285 0.35449
282 0.906458 0.286001
283 0.269797 0.297897
284 0.704018 0.266103
285 0.115266 0.282869
286 0.538232 0.314078
287 0.371767 0.239271
288 0.800703 0.239865
289 0.391793 0.350239
290 -0.0221445 0.288822
291 0.848986 0.382495
292 0.410689 0.36591
293 0.185466 0.286392
294 -0.123082 0.325153
295 0.147216 0.387254
296 0.501252 0.337062
297 0.390834 0.310532
298 0.604038 0.472502
299 -2.14718 0.00263783
