0 -0.753109 0.00485884
1 -0.756706 0.00568268
2 -0.759487 0.0057024
3 -0.762609 0.00457415
4 -0.76918 0.00440699
5 -0.766965 0.00441974
6 -0.769978 0.00363218
7 -0.769854 0.00400992
8 -0.771679 0.00441797
9 -0.775675 0.00509335
10 -0.771523 0.0044071
11 -0.772941 0.00476699
12 -0.777536 0.00459311
13 -0.773805 0.00439194
14 -0.772616 0.00459247
15 -0.776723 0.00428456
16 -0.778656 0.00390321
17 -0.780534 0.00365502
18 -0.777817 0.00388981
19 -0.773803 0.00435838
20 -0.775661 0.00390362
21 -0.778327 0.00375265
22 -0.778142 0.00371465
23 -0.778529 0.00330164
24 -0.780057 0.0031916
25 -0.777347 0.00326366
26 -0.777322 0.00420023
27 -0.777517 0.00392549
28 -0.776013 0.00460803
29 -0.775792 0.00466093
30 -0.777304 0.00432346
31 -0.779569 0.00392648
32 -0.779187 0.00454924
33 -0.77529 0.00441114
34 -0.774081 0.00456688
35 -0.777266 0.00400792
36 -0.778406 0.00463958
37 -0.777078 0.00425831
38 -0.777255 0.00345317
39 -0.777083 0.00442608
40 -0.777447 0.00421351
41 -0.774881 0.0038732
42 -0.778532 0.00415831
43 -0.780018 0.0038324
44 -0.779166 0.00416948
45 -0.781347 0.00374572
46 -0.783931 0.00296856
47 -0.783822 0.00347329
48 -0.780705 0.00360707
49 -0.778948 0.00396215
50 -0.778957 0.00439334
51 -0.780548 0.00493767
52 -0.778618 0.00447676
53 -0.78215 0.00392134
54 -0.786809 0.00394974
55 -0.786333 0.00373712
56 -0.784604 0.00334573
57 -0.783535 0.00272815
58 -0.779959 0.0027134
59 -0.778252 0.00271434
60 -0.780611 0.00246535
61 -0.783878 0.00274102
62 -0.78084 0.003005
63 -0.781074 0.00316713
64 -0.779988 0.00396615
65 -0.785145 0.00420835
66 -0.786476 0.00408378
67 -0.785679 0.0045422
68 -0.781652 0.0042002
69 -0.77869 0.00399929
70 -0.77573 0.00297718
71 -0.776336 0.00281167
72 -0.778875 0.00283949
73 -0.776457 0.00306889
74 -0.774552 0.00268418
75 -0.775955 0.00330697
76 -0.777394 0.00328329
77 -0.777113 0.00356486
78 -0.779041 0.00306549
79 -0.778642 0.00293598
80 -0.782036 0.00202997
81 -0.778948 0.00248255
82 -0.780109 0.00239654
83 -0.781023 0.00208898
84 -0.782692 0.00329426
85 -0.784973 0.00322807
86 -0.784787 0.0035979
87 -0.784788 0.00338804
88 -0.783977 0.00358012
89 -0.786063 0.00293162
90 -0.785972 0.00293847
91 -0.786806 0.00278117
92 -0.782871 0.00277334
93 -0.78373 0.00277051
94 -0.782445 0.00376363
95 -0.78289 0.00362714
96 -0.781493 0.00332486
97 -0.779225 0.00366594
98 -0.782559 0.00417974
99 -0.782869 0.00383619
100 -0.780442 0.00376511
101 -0.782166 0.00356461
102 -0.780865 0.00445289
103 -0.780632 0.00447452
104 -0.78227 0.00395936
105 -0.781607 0.00395039
106 -0.781245 0.004777
107 -0.779044 0.00406174
108 -0.778457 0.00500913
109 -0.780641 0.00387592
110 -0.782264 0.00418599
111 -0.779901 0.00263158
112 -0.779887 0.00221238
113 -0.781123 0.00229822
114 -0.780718 0.00316848
115 -0.781782 0.00304816
116 -0.78246 0.00335576
117 -0.782677 0.00357213
118 -0.783703 0.00309321
119 -0.782527 0.00237163
120 -0.780833 0.00243421
121 -0.781719 0.00248709
122 -0.780132 0.00229727
123 -0.779815 0.00307456
124 -0.7783 0.0029667
125 -0.781432 0.00349185
126 -0.781073 0.00366417
127 -0.780948 0.00326566
128 -0.780003 0.00329766
129 -0.781811 0.00314938
130 -0.783964 0.00257266
131 -0.782632 0.00226745
132 -0.782896 0.00323722
133 -0.782883 0.00344078
134 -0.781751 0.00296551
135 -0.777763 0.00257286
136 -0.774816 0.00288105
137 -0.775416 0.00318618
138 -0.777389 0.00341384
139 -0.777398 0.00278679
140 -0.777968 0.00343927
141 -0.779729 0.0032324
142 -0.780556 0.00240584
143 -0.781887 0.00219425
144 -0.780756 0.00146532
145 -0.781288 0.00240763
146 -0.782175 0.00308933
147 -0.782143 0.00338933
148 -0.783259 0.00393706
149 -0.780787 0.00393791
150 -0.782786 0.00314887
151 -0.782567 0.00338885
152 -0.78149 0.0035213
153 -0.780064 0.00390921
154 -0.778807 0.00340126
155 -0.779417 0.0025501
156 -0.777111 0.00215358
157 -0.778372 0.0025712
158 -0.778481 0.00295827
159 -0.780237 0.0026758
160 -0.779456 0.0030039
161 -0.779895 0.0024666
162 -0.777172 0.00317014
163 -0.778962 0.00307777
164 -0.775698 0.00316052
165 -0.777117 0.00285045
166 -0.778083 0.00306518
167 -0.774983 0.00302204
168 -0.775024 0.00351197
169 -0.773693 0.00387947
170 -0.774693 0.00378639
171 -0.776328 0.00354206
172 -0.777554 0.00355108
173 -0.778605 0.00335694
174 -0.77905 0.00324007
175 -0.782672 0.00316428
176 -0.783097 0.00341342
177 -0.780853 0.00371091
178 -0.781305 0.00361483
179 -0.780534 0.00320731
180 -0.784288 0.00298327
181 -0.782231 0.00343244
182 -0.786127 0.00345115
183 -0.782786 0.00366498
184 -0.779516 0.00306126
185 -0.780747 0.00290087
186 -0.780088 0.00367312
187 -0.776671 0.00315076
188 -0.775322 0.00274671
189 -0.774648 0.00346437
190 -0.774598 0.00327032
191 -0.776735 0.00326973
192 -0.778746 0.00273573
193 -0.777969 0.00303998
194 -0.780899 0.00315054
195 -0.779276 0.00318397
196 -0.777701 0.00323828
197 -0.77828 0.00332375
198 -0.776605 0.00449433
199 -0.77378 0.00432904
200 -0.772185 0.00381261
201 -0.773126 0.00329805
202 -0.774705 0.00406557
203 -0.777986 0.00422405
204 -0.775867 0.0044916
205 -0.777543 0.00429809
206 -0.778976 0.00420203
207 -0.781184 0.00378155
208 -0.775489 0.00360041
209 -0.777359 0.0036918
210 -0.774364 0.00398224
211 -0.777608 0.00414493
212 -0.780578 0.00372691
213 -0.780893 0.00375651
214 -0.783103 0.00308344
215 -0.780127 0.00273425
216 -0.779291 0.00288044
217 -0.780648 0.00290665
218 -0.780523 0.00339331
219 -0.781656 0.00299784
220 -0.784711 0.00335261
221 -0.784999 0.00306971
222 -0.784355 0.00290392
223 -0.781937 0.00314565
224 -0.781758 0.00276024
225 -0.782835 0.00320693
226 -0.783952 0.0029595
227 -0.786091 0.00243386
228 -0.785133 0.00289252
229 -0.78419 0.0032329
230 -0.78425 0.00274202
231 -0.782498 0.00300784
232 -0.78104 0.00263184
233 -0.779179 0.00380942
234 -0.779043 0.00419066
235 -0.781387 0.00438903
236 -0.778392 0.00405835
237 -0.779501 0.00380535
238 -0.781475 0.00410273
239 -0.780624 0.00439013
240 -0.783573 0.00391099
241 -0.784465 0.00399549
242 -0.785367 0.00402839
243 -0.780526 0.0036177
244 -0.780115 0.00315422
245 -0.782029 0.00329308
246 -0.780226 0.00267422
247 -0.783418 0.00270731
248 -0.783481 0.002611
249 -0.782635 0.00221126
250 -0.784555 0.00250786
251 -0.783967 0.00357453
252 -0.780859 0.00408772
253 -0.782814 0.0044296
254 -0.781075 0.00412861
255 -0.781366 0.00402031
256 -0.779235 0.00425437
257 -0.778824 0.00451334
258 -0.777401 0.00340956
259 -0.780305 0.00363295
260 -0.780001 0.00326928
261 -0.780985 0.00360556
262 -0.779933 0.00362039
263 -0.78221 0.00370925
264 -0.784149 0.00409054
265 -0.784485 0.00387351
266 -0.784721 0.0040341
267 -0.786432 0.00471503
268 -0.783298 0.00476922
269 -0.782775 0.00473271
270 -0.783566 0.00494876
271 -0.783831 0.00384562
272 -0.782416 0.00418507
273 -0.78111 0.00373399
274 -0.781481 0.0037791
275 -0.780769 0.0042922
276 -0.779414 0.00445726
277 -0.778363 0.00479
278 -0.778773 0.00453714
279 -0.781696 0.0035982
280 -0.780587 0.00390504
281 -0.777162 0.00396917
282 -0.776312 0.00346614
283 -0.77621 0.00300411
284 -0.778099 0.00293337
285 -0.778684 0.00288215
286 -0.777341 0.00339843
287 -0.774532 0.00326719
288 -0.772837 0.00367381
289 -0.773004 0.00298528
290 -0.77396 0.00365839
291 -0.774925 0.00380091
292 -0.778842 0.00331693
293 -0.773409 0.00369265
294 -0.770431 0.00389853
295 -0.769333 0.00477338
296 -0.766532 0.00476733
297 -0.762694 0.00404661
298 -0.759412 0.00378241
299 -0.761704 0.00481355
