0 -0.759065 0.0052563
1 -0.762998 0.00436991
2 -0.766163 0.00443975
3 -0.769155 0.00346409
4 -0.766029 0.00430297
5 -0.767381 0.00508055
6 -0.774702 0.00536479
7 -0.776353 0.0043809
8 -0.77403 0.00420608
9 -0.778447 0.0036631
10 -0.773158 0.00426925
11 -0.779161 0.00562376
12 -0.783762 0.00433899
13 -0.780098 0.00441471
14 -0.780947 0.00363227
15 -0.777601 0.00340235
16 -0.777944 0.00352177
17 -0.776719 0.00391311
18 -0.775866 0.00391403
19 -0.779105 0.00468219
20 -0.777246 0.00474721
21 -0.780316 0.00424893
22 -0.783181 0.00388717
23 -0.7783 0.00372925
24 -0.778486 0.00339394
25 -0.776999 0.00268446
26 -0.775455 0.00299071
27 -0.772383 0.00400425
28 -0.773822 0.00454567
29 -0.775674 0.00459296
30 -0.776279 0.00332868
31 -0.775471 0.00399208
32 -0.777602 0.00476853
33 -0.776947 0.0051539
34 -0.776684 0.00507348
35 -0.779771 0.00468324
36 -0.779188 0.00370074
37 -0.781959 0.00369984
38 -0.779111 0.00376351
39 -0.778277 0.00418715
40 -0.77793 0.00357419
41 -0.779701 0.00356355
42 -0.779612 0.00364562
43 -0.778835 0.00406579
44 -0.776195 0.00400265
45 -0.777603 0.00426797
46 -0.775557 0.00361159
47 -0.779664 0.00332161
48 -0.777191 0.00385178
49 -0.777415 0.00401537
50 -0.779206 0.00388957
51 -0.783495 0.00327631
52 -0.784308 0.00305478
53 -0.783674 0.0040881
54 -0.781373 0.00369057
55 -0.781966 0.00421638
56 -0.782573 0.00426956
57 -0.784348 0.00402469
58 -0.781347 0.00483848
59 -0.779033 0.00459822
60 -0.780787 0.00495281
61 -0.783544 0.00472964
62 -0.780243 0.00532316
63 -0.779899 0.00522487
64 -0.780901 0.00473542
65 -0.779646 0.00438165
66 -0.781701 0.0044797
67 -0.780684 0.00427228
68 -0.780676 0.00368732
69 -0.778018 0.00304692
70 -0.775231 0.0033543
71 -0.778144 0.00337783
72 -0.777397 0.00377562
73 -0.776488 0.00312951
74 -0.778012 0.00288072
75 -0.781534 0.00219368
76 -0.781775 0.00303213
77 -0.783412 0.00269005
78 -0.784773 0.00307336
79 -0.785023 0.00240354
80 -0.788261 0.00355509
81 -0.787593 0.00397565
82 -0.786752 0.00344925
83 -0.7886 0.00269332
84 -0.786275 0.00247253
85 -0.785968 0.00240094
86 -0.786064 0.00264265
87 -0.785826 0.00261419
88 -0.784974 0.00220315
89 -0.785794 0.00236223
90 -0.785592 0.00255923
91 -0.783202 0.0032832
92 -0.786407 0.00260867
93 -0.785789 0.00270276
94 -0.783234 0.00343482
95 -0.781559 0.00438388
96 -0.783055 0.00433857
97 -0.781362 0.00351169
98 -0.783668 0.00324597
99 -0.779653 0.00333696
100 -0.777289 0.00349147
101 -0.778021 0.00394147
102 -0.778972 0.00332023
103 -0.780782 0.00361891
104 -0.778538 0.00360138
105 -0.779428 0.00367888
106 -0.776499 0.00302866
107 -0.774644 0.00338248
108 -0.774103 0.0035419
109 -0.776178 0.00321593
110 -0.779129 0.00442061
111 -0.781305 0.00389088
112 -0.782466 0.00450939
113 -0.783278 0.0038721
114 -0.784208 0.00412931
115 -0.78611 0.00390684
116 -0.788253 0.00418811
117 -0.78591 0.00391408
118 -0.784301 0.00326912
119 -0.785237 0.00438655
120 -0.779172 0.00387164
121 -0.781619 0.00372182
122 -0.781419 0.00421868
123 -0.779996 0.00361556
124 -0.781726 0.00358849
125 -0.78447 0.00329353
126 -0.784057 0.0028547
127 -0.78533 0.00285165
128 -0.784413 0.00335092
129 -0.784875 0.00344667
130 -0.785616 0.00390956
131 -0.786743 0.00365606
132 -0.78564 0.00378957
133 -0.786913 0.00352694
134 -0.791145 0.0036976
135 -0.7874 0.00386447
136 -0.784904 0.00320863
137 -0.782379 0.00358563
138 -0.784543 0.00266368
139 -0.782084 0.0024859
140 -0.780293 0.00234644
141 -0.779968 0.00170986
142 -0.781451 0.00245851
143 -0.783555 0.00273932
144 -0.78335 0.00243131
145 -0.786973 0.00289195
146 -0.786622 0.00303463
147 -0.787666 0.00270972
148 -0.788865 0.00233234
149 -0.785897 0.00247874
150 -0.786545 0.00269085
151 -0.789196 0.00293008
152 -0.793658 0.00365498
153 -0.790542 0.00382097
154 -0.789751 0.00368728
155 -0.78676 0.00317733
156 -0.786518 0.00299486
157 -0.787023 0.00250244
158 -0.783946 0.00250737
159 -0.785184 0.00321928
160 -0.788414 0.00303144
161 -0.789546 0.00322964
162 -0.787926 0.0032463
163 -0.7848 0.00343391
164 -0.782717 0.00347813
165 -0.782596 0.00345505
166 -0.782115 0.00396475
167 -0.78235 0.00348488
168 -0.780277 0.0032556
169 -0.775993 0.0037151
170 -0.779222 0.00339119
171 -0.780893 0.00408174
172 -0.781037 0.004002
173 -0.780402 0.00398314
174 -0.780119 0.00405236
175 -0.781953 0.00390733
176 -0.782827 0.00383413
177 -0.784805 0.00365949
178 -0.78661 0.00305942
179 -0.788583 0.00289659
180 -0.789468 0.00298143
181 -0.784875 0.00285786
182 -0.784629 0.00404744
183 -0.783911 0.00413163
184 -0.782515 0.00458972
185 -0.783359 0.00429102
186 -0.781963 0.00451278
187 -0.780965 0.00429494
188 -0.781981 0.00427206
189 -0.778741 0.00437926
190 -0.780437 0.00409146
191 -0.779526 0.00369314
192 -0.78209 0.00369768
193 -0.780261 0.00334517
194 -0.78002 0.00335398
195 -0.77891 0.00345802
196 -0.782667 0.00268228
197 -0.781595 0.00297724
198 -0.780903 0.00262942
199 -0.781295 0.00352712
200 -0.780505 0.00283674
201 -0.782368 0.00321806
202 -0.77988 0.00305913
203 -0.780907 0.0031027
204 -0.779352 0.0034593
205 -0.779102 0.0039416
206 -0.78075 0.00361515
207 -0.779884 0.0031658
208 -0.777787 0.00311798
209 -0.779527 0.00310243
210 -0.778711 0.00323439
211 -0.78031 0.00283993
212 -0.777519 0.00278935
213 -0.778869 0.00318171
214 -0.779364 0.00358343
215 -0.779986 0.00388282
216 -0.780436 0.00406266
217 -0.779765 0.00391105
218 -0.778745 0.00384426
219 -0.779063 0.00350913
220 -0.779484 0.00351853
221 -0.780969 0.00325973
222 -0.782621 0.00330001
223 -0.783486 0.00371926
224 -0.783504 0.00337588
225 -0.782337 0.00321628
226 -0.783024 0.00337909
227 -0.784949 0.00397242
228 -0.787611 0.00425563
229 -0.784495 0.0044581
230 -0.78297 0.00410469
231 -0.782264 0.00433268
232 -0.780855 0.00366248
233 -0.780195 0.00390895
234 -0.775595 0.00395358
235 -0.778416 0.00391547
236 -0.777314 0.00327165
237 -0.778446 0.00342263
238 -0.781669 0.0035688
239 -0.780698 0.00401498
240 -0.781466 0.00358406
241 -0.781769 0.00397621
242 -0.783753 0.00385226
243 -0.77818 0.00349657
244 -0.778012 0.00388692
245 -0.779245 0.00359199
246 -0.779631 0.00330212
247 -0.783056 0.00328559
248 -0.782862 0.00318246
249 -0.784927 0.00354319
250 -0.78259 0.00297808
251 -0.782868 0.00351071
252 -0.781464 0.00320666
253 -0.781839 0.00292554
254 -0.778503 0.00348746
255 -0.782775 0.00337752
256 -0.778797 0.00378312
257 -0.777551 0.00335106
258 -0.775142 0.00313655
259 -0.776902 0.00347079
260 -0.779339 0.00355177
261 -0.782943 0.00310428
262 -0.7786 0.00465653
263 -0.775166 0.00437252
264 -0.777297 0.00415059
265 -0.780426 0.00347984
266 -0.778278 0.00318764
267 -0.780922 0.00217168
268 -0.782744 0.00315155
269 -0.785596 0.00319192
270 -0.786001 0.00325297
271 -0.779022 0.00388974
272 -0.778837 0.00491816
273 -0.781606 0.0044592
274 -0.781544 0.00472442
275 -0.781123 0.00475321
276 -0.776491 0.00400947
277 -0.775796 0.00362472
278 -0.780507 0.00457835
279 -0.780676 0.00509792
280 -0.781438 0.00479368
281 -0.778958 0.00374946
282 -0.776936 0.0043453
283 -0.776094 0.00421756
284 -0.770018 0.00424502
285 -0.768624 0.00435795
286 -0.769181 0.00483474
287 -0.771575 0.00523233
288 -0.771693 0.00476982
289 -0.770167 0.00506419
290 -0.768698 0.00499959
291 -0.767253 0.00613043
292 -0.771306 0.00560395
293 -0.771869 0.00467611
294 -0.768276 0.00491525
295 -0.763307 0.00491873
296 -0.761886 0.00483515
297 -0.758497 0.00468042
298 -0.759118 0.00564606
299 -0.75918 0.00605599
