0 -0.760508 0.00511857
1 -0.759437 0.0050031
2 -0.756946 0.00516503
3 -0.76434 0.0046671
4 -0.765756 0.00381135
5 -0.768749 0.00420294
6 -0.77325 0.00433445
7 -0.775309 0.00305089
8 -0.779258 0.00304174
9 -0.779375 0.00388773
10 -0.778594 0.00478109
11 -0.777048 0.00471353
12 -0.777031 0.00402004
13 -0.774222 0.00445511
14 -0.775414 0.00416751
15 -0.777229 0.00385505
16 -0.774118 0.00385161
17 -0.778685 0.0038127
18 -0.777973 0.00412442
19 -0.776523 0.00419856
20 -0.773446 0.0034261
21 -0.775738 0.0036929
22 -0.776716 0.00288517
23 -0.77794 0.00391371
24 -0.778989 0.00354121
25 -0.77797 0.00396609
26 -0.779483 0.00419448
27 -0.779899 0.00378595
28 -0.775312 0.00316501
29 -0.776735 0.00328766
30 -0.775635 0.00376381
31 -0.776165 0.00358145
32 -0.776225 0.00326363
33 -0.773604 0.00367953
34 -0.775555 0.00378185
35 -0.77411 0.00384145
36 -0.774661 0.00358928
37 -0.775213 0.0029711
38 -0.777533 0.00369685
39 -0.776103 0.00364304
40 -0.777345 0.00353441
41 -0.776028 0.00332078
42 -0.776844 0.00371243
43 -0.781247 0.00320113
44 -0.780588 0.00375879
45 -0.782796 0.00393221
46 -0.784265 0.00353944
47 -0.785433 0.00380751
48 -0.782676 0.0035833
49 -0.781399 0.00382266
50 -0.78247 0.00450931
51 -0.78641 0.0040042
52 -0.785052 0.00367489
53 -0.784724 0.0038116
54 -0.783127 0.00387676
55 -0.782111 0.00396467
56 -0.784739 0.00405935
57 -0.781863 0.00391836
58 -0.782269 0.00340445
59 -0.782038 0.00350574
60 -0.783177 0.00328483
61 -0.785973 0.00309252
62 -0.781881 0.00347725
63 -0.781883 0.00387433
64 -0.780691 0.00395275
65 -0.781177 0.00347906
66 -0.782241 0.00344335
67 -0.780785 0.00335911
68 -0.779692 0.00348824
69 -0.781168 0.00317887
70 -0.780157 0.00315304
71 -0.781152 0.00283515
72 -0.781504 0.00247798
73 -0.782188 0.00158982
74 -0.781948 0.00186926
75 -0.782658 0.00196982
76 -0.781672 0.00209757
77 -0.780664 0.00212852
78 -0.781427 0.00238144
79 -0.779629 0.00218898
80 -0.780405 0.00199847
81 -0.782129 0.00251189
82 -0.781407 0.00331371
83 -0.780122 0.00367948
84 -0.781263 0.00392192
85 -0.781715 0.00322134
86 -0.781937 0.0031133
87 -0.782393 0.00338365
88 -0.779567 0.00356276
89 -0.78091 0.00339181
90 -0.7823 0.00364714
91 -0.781632 0.003879
92 -0.77858 0.00365661
93 -0.776631 0.00345853
94 -0.777077 0.00414807
95 -0.775924 0.00408429
96 -0.779482 0.00406801
97 -0.778103 0.00367599
98 -0.777531 0.00405515
99 -0.775556 0.00362413
100 -0.775626 0.00346918
101 -0.777016 0.00392349
102 -0.776213 0.00419851
103 -0.78002 0.00407033
104 -0.778441 0.00352399
105 -0.77891 0.00310043
106 -0.779212 0.00298778
107 -0.77744 0.00324999
108 -0.779426 0.00304363
109 -0.779555 0.00290501
110 -0.777741 0.00266463
111 -0.780457 0.00331798
112 -0.782784 0.00324092
113 -0.78305 0.00373218
114 -0.784812 0.00437671
115 -0.78525 0.003907
116 -0.783934 0.00374192
117 -0.783541 0.003777
118 -0.783993 0.00323338
119 -0.784818 0.00332081
120 -0.782449 0.00305354
121 -0.782888 0.00298389
122 -0.780213 0.00293102
123 -0.778398 0.00292044
124 -0.77956 0.00306914
125 -0.778475 0.00294449
126 -0.779822 0.00311147
127 -0.780415 0.00225683
128 -0.781542 0.00276083
129 -0.780914 0.00251255
130 -0.784188 0.00222326
131 -0.784087 0.00250031
132 -0.784925 0.00285608
133 -0.784489 0.00308066
134 -0.783252 0.00358327
135 -0.781511 0.00295636
136 -0.780466 0.00338424
137 -0.778534 0.00280676
138 -0.780528 0.00304667
139 -0.777456 0.00231713
140 -0.778011 0.0023655
141 -0.779942 0.00224481
142 -0.781848 0.00201238
143 -0.781618 0.0023838
144 -0.779685 0.00235327
145 -0.77964 0.00229613
146 -0.779805 0.00289074
147 -0.77979 0.0028051
148 -0.780283 0.00302478
149 -0.780625 0.00345331
150 -0.783867 0.00268886
151 -0.782467 0.00237288
152 -0.784313 0.00216396
153 -0.782703 0.00222777
154 -0.78176 0.00252016
155 -0.781432 0.00311956
156 -0.78026 0.00290381
157 -0.780722 0.00279068
158 -0.777137 0.00256841
159 -0.781182 0.00284897
160 -0.782209 0.00294437
161 -0.779437 0.00260892
162 -0.778439 0.00225325
163 -0.780402 0.00215185
164 -0.780915 0.00230249
165 -0.779637 0.00227722
166 -0.782083 0.00258651
167 -0.781211 0.0025676
168 -0.780081 0.00257113
169 -0.779458 0.00249392
170 -0.779725 0.00258264
171 -0.779328 0.00304313
172 -0.776955 0.00334923
173 -0.77736 0.00243569
174 -0.77851 0.00300001
175 -0.77972 0.00244145
176 -0.779633 0.00283497
177 -0.779586 0.00276518
178 -0.779562 0.00278479
179 -0.780229 0.00285166
180 -0.782262 0.00338534
181 -0.783507 0.00331544
182 -0.784013 0.00320788
183 -0.782608 0.00252229
184 -0.781373 0.00249799
185 -0.781717 0.00250006
186 -0.78052 0.00265305
187 -0.77895 0.00287541
188 -0.779281 0.00285433
189 -0.780704 0.00263775
190 -0.780684 0.00268081
191 -0.782185 0.00300936
192 -0.779386 0.00271855
193 -0.779414 0.00317874
194 -0.779808 0.00311147
195 -0.778633 0.0035373
196 -0.777107 0.00442511
197 -0.777269 0.00426247
198 -0.778063 0.00376683
199 -0.777838 0.00331597
200 -0.777068 0.0030761
201 -0.777708 0.00272265
202 -0.777806 0.00339807
203 -0.779634 0.00331371
204 -0.777296 0.0024119
205 -0.776548 0.0026492
206 -0.776326 0.00240227
207 -0.775516 0.00278624
208 -0.775214 0.0031152
209 -0.77376 0.00221267
210 -0.774019 0.00226292
211 -0.775355 0.00234032
212 -0.77761 0.0021682
213 -0.775537 0.00279215
214 -0.776077 0.00331091
215 -0.774551 0.00304552
216 -0.776146 0.00330993
217 -0.775891 0.00297371
218 -0.775432 0.00298836
219 -0.775307 0.00258941
220 -0.777842 0.00300388
221 -0.778857 0.00318877
222 -0.780526 0.00254103
223 -0.779622 0.00273587
224 -0.778517 0.00220965
225 -0.775095 0.0025856
226 -0.776794 0.00284526
227 -0.778091 0.00288013
228 -0.776423 0.00322053
229 -0.775575 0.00358446
230 -0.773703 0.0034198
231 -0.77762 0.00361407
232 -0.779117 0.00332529
233 -0.778654 0.00353361
234 -0.776 0.00336265
235 -0.777888 0.00343238
236 -0.777201 0.00321895
237 -0.777393 0.00344201
238 -0.779223 0.00296218
239 -0.777294 0.00340465
240 -0.77838 0.0038528
241 -0.777399 0.00430683
242 -0.779174 0.00438587
243 -0.77922 0.00456771
244 -0.777278 0.0039714
245 -0.780647 0.00342025
246 -0.778097 0.00329104
247 -0.777075 0.0030929
248 -0.775839 0.00360848
249 -0.776717 0.00311464
250 -0.780008 0.00341046
251 -0.783267 0.00317017
252 -0.780173 0.00388984
253 -0.779732 0.00344562
254 -0.776824 0.00332272
255 -0.77895 0.00299136
256 -0.780523 0.00297357
257 -0.779216 0.002819
258 -0.778008 0.00317647
259 -0.777885 0.00360795
260 -0.775609 0.00349485
261 -0.776106 0.00407763
262 -0.775516 0.0047268
263 -0.775777 0.0035304
264 -0.776945 0.00315518
265 -0.776939 0.00269193
266 -0.777052 0.00233471
267 -0.779039 0.00276288
268 -0.77658 0.00246331
269 -0.77576 0.00371828
270 -0.772447 0.00327298
271 -0.770362 0.00326069
272 -0.774387 0.00331453
273 -0.775099 0.00363443
274 -0.777834 0.00340015
275 -0.77658 0.0038062
276 -0.775359 0.00362078
277 -0.777198 0.00406176
278 -0.78018 0.00505668
279 -0.775742 0.00472899
280 -0.778603 0.00479399
281 -0.782167 0.00446993
282 -0.778512 0.00464015
283 -0.779539 0.00431137
284 -0.778031 0.00445141
285 -0.777011 0.00396043
286 -0.77284 0.00437142
287 -0.773319 0.00425654
288 -0.773886 0.00405685
289 -0.776634 0.00405504
290 -0.775688 0.00391631
291 -0.775694 0.00402141
292 -0.77714 0.00409649
293 -0.775103 0.00429368
294 -0.775343 0.00417111
295 -0.775673 0.00414135
296 -0.772347 0.00408948
297 -0.765646 0.0036943
298 -0.758308 0.00439206
299 -0.749241 0.00425942
