0 -0.761159 0.0040855
1 -0.763636 0.00433334
2 -0.766395 0.00394155
3 -0.768223 0.00431364
4 -0.769366 0.0047205
5 -0.768822 0.00500492
6 -0.768824 0.00483421
7 -0.769825 0.00490469
8 -0.770726 0.00485653
9 -0.774432 0.00506388
10 -0.770966 0.00478741
11 -0.771255 0.00483167
12 -0.774368 0.00500692
13 -0.770563 0.00462311
14 -0.774771 0.0044262
15 -0.775315 0.00435308
16 -0.775998 0.00437628
17 -0.777015 0.00408866
18 -0.778382 0.00345782
19 -0.778926 0.00321559
20 -0.777464 0.00246084
21 -0.779047 0.00339216
22 -0.778054 0.00398422
23 -0.778308 0.00401602
24 -0.778832 0.00373221
25 -0.779887 0.00400417
26 -0.780021 0.00423313
27 -0.778765 0.00431799
28 -0.777742 0.00439267
29 -0.776608 0.00431176
30 -0.776743 0.00435802
31 -0.778002 0.00339676
32 -0.779439 0.00377605
33 -0.778954 0.00344163
34 -0.777941 0.00360592
35 -0.778884 0.00348657
36 -0.780162 0.00329469
37 -0.780396 0.00328516
38 -0.777631 0.00317919
39 -0.778067 0.00297704
40 -0.779725 0.0027264
41 -0.779711 0.00338198
42 -0.778961 0.00300425
43 -0.779466 0.00259265
44 -0.777552 0.00254691
45 -0.778822 0.00276381
46 -0.778854 0.00303165
47 -0.779292 0.00349468
48 -0.777794 0.00358972
49 -0.77836 0.00318758
50 -0.776969 0.00271769
51 -0.77764 0.00308575
52 -0.780085 0.00318867
53 -0.779142 0.00296378
54 -0.779574 0.00276101
55 -0.779723 0.00264139
56 -0.779929 0.0024184
57 -0.779437 0.00292718
58 -0.779258 0.002391
59 -0.777058 0.00277765
60 -0.777228 0.00279143
61 -0.781744 0.00295416
62 -0.781036 0.00335987
63 -0.781887 0.00335605
64 -0.781257 0.00383071
65 -0.782452 0.00355989
66 -0.784848 0.00367853
67 -0.784682 0.00337546
68 -0.784413 0.00332167
69 -0.783841 0.00331695
70 -0.783472 0.00269422
71 -0.78301 0.00242769
72 -0.783074 0.00207286
73 -0.782973 0.00230721
74 -0.78191 0.00280396
75 -0.783078 0.00314978
76 -0.782618 0.00317745
77 -0.782306 0.00307482
78 -0.780796 0.00318754
79 -0.780778 0.00333539
80 -0.782153 0.00362507
81 -0.783793 0.00369689
82 -0.783459 0.00360151
83 -0.783533 0.00388519
84 -0.782968 0.00348821
85 -0.783483 0.00337494
86 -0.784491 0.0027388
87 -0.784226 0.0023071
88 -0.783034 0.00236662
89 -0.782302 0.00264954
90 -0.783097 0.00280003
91 -0.784612 0.00284278
92 -0.784517 0.00265863
93 -0.783997 0.00268954
94 -0.78591 0.00283006
95 -0.782661 0.00243575
96 -0.782251 0.00249784
97 -0.781916 0.00261637
98 -0.782054 0.00345282
99 -0.780821 0.00352538
100 -0.780372 0.00305785
101 -0.782199 0.00342635
102 -0.782129 0.00362653
103 -0.782451 0.0032918
104 -0.781634 0.00237383
105 -0.781077 0.00252152
106 -0.77991 0.00220143
107 -0.780767 0.00198372
108 -0.778661 0.00230399
109 -0.782489 0.00236216
110 -0.781322 0.00263603
111 -0.782734 0.00231475
112 -0.783792 0.00265484
113 -0.783272 0.0023839
114 -0.782871 0.00217976
115 -0.784992 0.00234713
116 -0.78336 0.00281485
117 -0.785055 0.00289266
118 -0.786231 0.00301467
119 -0.785208 0.0031389
120 -0.783112 0.00311696
121 -0.781323 0.00329225
122 -0.778725 0.00324971
123 -0.779704 0.00323768
124 -0.780073 0.00323218
125 -0.780122 0.00304895
126 -0.779442 0.00373843
127 -0.781603 0.0036291
128 -0.781655 0.00334874
129 -0.781734 0.0035044
130 -0.783484 0.00352672
131 -0.78218 0.00306094
132 -0.782075 0.00313938
133 -0.781791 0.00390862
134 -0.781937 0.00387226
135 -0.779769 0.00380473
136 -0.778429 0.00345717
137 -0.778927 0.00378226
138 -0.780988 0.00344775
139 -0.78211 0.00293333
140 -0.783823 0.00307676
141 -0.781877 0.00305831
142 -0.782924 0.00310745
143 -0.783916 0.00338162
144 -0.783701 0.00332692
145 -0.783631 0.00310134
146 -0.781439 0.00296771
147 -0.779885 0.00320343
148 -0.78355 0.0035256
149 -0.781239 0.00345657
150 -0.782375 0.00296981
151 -0.784463 0.00300981
152 -0.785142 0.00304602
153 -0.784118 0.0027495
154 -0.784207 0.00254323
155 -0.783055 0.00226923
156 -0.783625 0.00238438
157 -0.783345 0.00227452
158 -0.782722 0.00259957
159 -0.782712 0.00300383
160 -0.782542 0.00303606
161 -0.781906 0.00314391
162 -0.781408 0.00290069
163 -0.780905 0.00214378
164 -0.782867 0.00193592
165 -0.784527 0.00190002
166 -0.784462 0.00262339
167 -0.782226 0.00263782
168 -0.781644 0.00278843
169 -0.779091 0.00315509
170 -0.780073 0.00337068
171 -0.778592 0.00354236
172 -0.781086 0.00310767
173 -0.780235 0.00342415
174 -0.781752 0.00316669
175 -0.78015 0.00314217
176 -0.781155 0.00300845
177 -0.778142 0.00288414
178 -0.780462 0.00276431
179 -0.780415 0.00275403
180 -0.782501 0.00284403
181 -0.784719 0.00324651
182 -0.785458 0.00353389
183 -0.785648 0.00306842
184 -0.785828 0.0030863
185 -0.785402 0.00295078
186 -0.786878 0.00322532
187 -0.785068 0.00257769
188 -0.785896 0.00283182
189 -0.78583 0.00297974
190 -0.783357 0.00320603
191 -0.785299 0.00291037
192 -0.784914 0.00260333
193 -0.784275 0.00249131
194 -0.78513 0.00242443
195 -0.781233 0.00229197
196 -0.782333 0.00277934
197 -0.78282 0.0023866
198 -0.783619 0.00208805
199 -0.78239 0.00232421
200 -0.781518 0.0022233
201 -0.781706 0.00244764
202 -0.780988 0.00235824
203 -0.783475 0.00262886
204 -0.781949 0.00215114
205 -0.782403 0.00202985
206 -0.782426 0.00205862
207 -0.781932 0.00210883
208 -0.782094 0.00242586
209 -0.780117 0.00267506
210 -0.779266 0.00303613
211 -0.779981 0.00268679
212 -0.777035 0.00253751
213 -0.776655 0.00250035
214 -0.778175 0.00316037
215 -0.776937 0.00381226
216 -0.777425 0.00396566
217 -0.780053 0.00364437
218 -0.781363 0.00355934
219 -0.782321 0.00342641
220 -0.781667 0.00377714
221 -0.783183 0.00379813
222 -0.782744 0.00309912
223 -0.783903 0.00294407
224 -0.782106 0.00354241
225 -0.78373 0.00334675
226 -0.782024 0.00299489
227 -0.781559 0.00296849
228 -0.781732 0.00265202
229 -0.778992 0.00220968
230 -0.779968 0.00186409
231 -0.781176 0.00208745
232 -0.781315 0.00220581
233 -0.782503 0.00239258
234 -0.780845 0.00248399
235 -0.781565 0.00268191
236 -0.7813 0.00284345
237 -0.781036 0.00274275
238 -0.781708 0.00266838
239 -0.783641 0.0022268
240 -0.782189 0.00214472
241 -0.780427 0.00224251
242 -0.780639 0.00164036
243 -0.781144 0.00208654
244 -0.78151 0.00216906
245 -0.78139 0.0016927
246 -0.781429 0.00234393
247 -0.7825 0.00259844
248 -0.781222 0.00292765
249 -0.779938 0.00300937
250 -0.777564 0.00307501
251 -0.777737 0.00318603
252 -0.775274 0.00310879
253 -0.777374 0.00300429
254 -0.775777 0.00306173
255 -0.774295 0.00306289
256 -0.772091 0.00271767
257 -0.772015 0.00299259
258 -0.772816 0.00297897
259 -0.775782 0.00288914
260 -0.77556 0.0030278
261 -0.776372 0.00276789
262 -0.777608 0.00265789
263 -0.777288 0.0027622
264 -0.778791 0.00294227
265 -0.780495 0.00301276
266 -0.779963 0.00315485
267 -0.781844 0.00377246
268 -0.780959 0.00364491
269 -0.782004 0.0034983
270 -0.781443 0.00335577
271 -0.779696 0.0032689
272 -0.77942 0.0037783
273 -0.779475 0.00364074
274 -0.776461 0.00371948
275 -0.776476 0.00404693
276 -0.775671 0.00346009
277 -0.774763 0.00352705
278 -0.774378 0.00377577
279 -0.772487 0.00370122
280 -0.773229 0.00394744
281 -0.773688 0.00307497
282 -0.773892 0.00358075
283 -0.776328 0.00402474
284 -0.775037 0.00372915
285 -0.77474 0.00341431
286 -0.772019 0.00332879
287 -0.77219 0.00359759
288 -0.770906 0.00415394
289 -0.769298 0.00323709
290 -0.767958 0.00321517
291 -0.763462 0.00311839
292 -0.764401 0.00281359
293 -0.762616 0.00312583
294 -0.763141 0.00335816
295 -0.76381 0.00385444
296 -0.761446 0.00339262
297 -0.759088 0.00335158
298 -0.757574 0.00362131
299 -0.754248 0.00413497
