1.31826
1.34312
1.36797
1.38523
1.39109
1.38601
1.37366
1.35957
1.3482
1.34054
1.33489
1.33014
1.32789
1.33131
1.34223
1.35931
1.37853
1.39515
1.4054
1.40761
1.40246
1.39242
1.3802
1.36721
1.35357
1.33961
1.32727
1.31939
1.31795
1.32321
1.33437
1.35064
1.37159
1.39675
1.42469
1.45245
1.47625
1.49293
1.50119
1.50145
1.49503
1.48357
1.46893
1.45315
1.43786
1.42396
1.41133
1.39888
1.38502
1.36876
1.35109
1.33477
1.32282
1.31638
1.31473
1.31776
1.32799
1.34773
1.37432
1.40164
1.42566
1.44605
1.46353
1.47755
1.48593
1.48626
1.47687
1.45738
1.42827
1.39076
1.34775
1.30596
1.27615
1.26696
1.27707
1.29596
1.31248
1.32057
1.31978
1.31347
1.30706
1.306
1.31366
1.33046
1.35433
1.38194
1.4098
1.43452
1.45287
1.4622
1.46128
1.45119
1.43496
1.41578
1.39477
1.37073
1.34295
1.31488
1.29517
1.29345
1.31253
1.34578
1.38328
1.41888
1.45114
1.47922
1.4994
1.50585
1.49456
1.46646
1.42789
1.38855
1.35807
1.34203
1.33995
1.34665
1.35604
1.36421
1.37031
1.37539
1.38046
1.38549
1.38971
1.39201
1.39134
1.38706
1.37938
1.36953
1.35919
1.34981
1.34303
1.34116
1.34612
1.35759
1.37353
1.39178
1.41026
1.42628
1.43742
1.44291
1.44383
1.44207
1.43925
1.43571
1.43017
1.42019
1.40327
1.37825
1.34608
1.30957
1.27283
1.24102
1.22018
1.21605
1.23196
1.26695
1.31503
1.36637
1.41005
1.43761
1.44557
1.43672
1.41959
1.40505
1.39993
1.40269
1.40626
1.4052
1.3995
1.39342
1.39142
1.39473
1.40177
1.41077
1.42119
1.43333
1.44702
1.46021
1.4688
1.46828
1.45578
1.43135
1.39825
1.36196
1.328
1.29977
1.27799
1.2626
1.25609
1.26426
1.28978
1.32673
1.36499
1.39721
1.42012
1.43303
1.43687
1.43335
1.42425
1.41083
1.39393
1.37455
1.35474
1.33712
1.32361
1.31445
1.30903
1.3074
1.31084
1.32127
1.33959
1.36426
1.39161
1.4176
1.43922
1.45426
1.46089
1.45783
1.4458
1.42834
1.41065
1.39746
1.39132
1.39209
1.39806
1.40798
1.42121
1.43616
1.45008
1.46015
1.46461
1.46343
1.45874
1.45441
1.45402
1.45856
1.46626
1.47462
1.48203
1.48791
1.49188
1.49316
1.48972
1.47777
1.45325
1.41454
1.36461
1.31073
1.26203
1.22583
1.20495
1.19728
1.1974
1.19994
1.20307
1.20953
1.22387
1.24847
1.28227
1.32209
1.36429
1.40521
1.44113
1.46831
1.48302
1.48212
1.46453
1.43299
1.39401
1.35614
1.32705
1.31145
1.31053
1.32259
1.34416
1.37064
1.39672
1.41712
1.42739
1.42483
1.40912
1.38233
1.3491
1.31602
1.29029
1.27739
1.2791
1.29333
1.31536
1.33971
1.36189
1.37936
1.39165
1.39953
1.40434
1.40724
1.40878
1.40869
1.40618
1.40042
1.39084
1.37744
1.36121
1.34475
1.33203
1.32715
1.33278
1.34934
1.37447
1.40311
1.42848
1.44379
1.44393
1.42712
1.39654
1.3599
1.3261
1.30164
1.28929
1.28881
1.29806
1.31408
1.33408
1.35594
1.37773
1.3975
1.4142
1.42835
1.44132
1.45398
1.4659
1.47576
1.48203
1.48291
1.47662
1.46238
1.44166
1.41832
1.3973
1.38254
1.37507
1.37278
1.3722
1.37078
1.36847
1.36727
1.36884
1.37247
1.37539
1.37457
1.3685
1.35784
1.3451
1.33291
1.32275
1.31501
1.3107
1.3125
1.3242
1.34865
1.3851
1.42823
1.46954
1.50018
1.51376
1.50776
1.48356
1.44571
1.40099
1.35741
1.32225
1.30004
1.29182
1.29619
1.31074
1.33261
1.35811
1.38256
1.40123
1.41093
1.41093
1.40237
1.38717
1.36724
1.3449
1.32393
1.30896
1.30287
1.3051
1.31284
1.32291
1.33321
1.34311
1.35346
1.36642
1.38434
1.40777
1.43384
1.45761
1.47497
1.48401
1.48492
1.47925
1.4691
1.45603
1.44079
1.42447
1.40978
1.3997
1.39456
1.39093
1.38312
1.36662
1.34195
1.31649
1.3015
1.30543
1.32867
1.36437
1.40324
1.43754
1.46219
1.4745
1.47407
1.46262
1.44319
1.41863
1.39071
1.36075
1.33109
1.30576
1.28913
1.2832
1.28578
1.29189
1.2971
1.29982
1.30211
1.30883
1.32406
1.34653
1.36957
1.3858
1.39118
1.38599
1.37332
1.35718
1.34078
1.32583
1.31338
1.30522
1.30454
1.31504
1.33871
1.37385
1.41475
1.45325
1.48159
1.49489
1.49222
1.47606
1.45099
1.42244
1.39554
1.3741
1.36031
1.35503
1.35821
1.3687
1.38368
1.39856
1.40843
1.41028
1.40467
1.39487
1.3841
1.37335
1.36165
1.34824
1.33424
1.32263
1.31702
1.32003
1.3318
1.34976
1.36957
1.38698
1.39927
1.40565
1.40643
1.4021
1.39295
1.37938
1.36293
1.34691
1.33613
1.33433
1.34184
1.35547
1.37005
1.38034
1.38266
1.37651
1.36509
1.35408
1.3491
1.3534
1.3667
1.38551
1.40476
1.41991
1.42867
1.43175
1.4324
1.43482
1.44205
1.45408
1.46811
1.48019
1.48729
1.48879
1.48629
1.48254
1.47983
1.47905
1.47917
1.47778
1.47224
1.46103
1.44494
1.42678
1.40939
1.39389
1.38001
1.36743
1.35665
1.34852
1.34346
1.34113
1.34068
1.34084
1.33981
1.33526
1.32494
1.30767
1.28461
1.26017
1.24134
1.23484
1.24332
1.26377
1.28948
1.31399
1.33393
1.34944
1.36241
1.37423
1.38419
1.38941
1.38639
1.37305
1.34991
1.32011
1.28864
1.26148
1.24488
1.24362
1.25901
1.2882
1.32542
1.36391
1.39777
1.42332
1.43968
1.44848
1.45254
1.45441
1.45564
1.4569
1.45848
1.46009
1.46058
1.45834
1.45231
1.44275
1.43106
1.4193
1.41041
1.40783
1.41402
1.42759
1.44258
1.45166
1.45059
1.44013
1.42423
1.40689
1.3904
1.37526
1.36159
1.3498
1.34001
1.33113
1.32062
1.30591
1.28692
1.2672
1.25237
1.24643
1.24962
1.25894
1.2707
1.28285
1.29572
1.31185
1.33481
1.36667
1.4055
1.44537
1.47874
1.49966
1.5062
1.5008
1.48876
1.47578
1.46605
1.46148
1.4621
1.46669
1.47303
1.47818
1.47889
1.47184
1.45432
1.42501
1.38563
1.34222
1.30443
1.28153
1.27769
1.29014
1.31099
1.3311
1.34429
1.34945
1.34979
1.34967
1.35194
1.35643
1.36061
1.3624
1.36298
1.36632
1.37565
1.39037
1.40631
1.41819
1.42178
1.41487
1.39739
1.3713
1.34
1.30843
1.28363
1.27349
1.28257
1.30863
1.34397
1.38074
1.41497
1.4458
1.4727
1.49408
1.50801
1.51304
1.50879
1.4963
1.47752
1.45451
1.42938
1.40532
1.38672
1.37756
1.3794
1.39051
1.40663
1.42258
1.43451
1.44134
1.44486
1.44804
1.45311
1.46069
1.46984
1.47811
1.48168
1.47678
1.46088
1.43276
1.39246
1.34251
1.2896
1.24376
1.21411
1.20467
1.21331
1.23323
1.25533
1.27077
1.27424
1.26581
1.25015
1.23436
1.22525
1.22765
1.24342
1.27103
1.30598
1.34258
1.37601
1.40375
1.42511
1.43974
1.44666
1.44445
1.43266
1.41343
1.39169
1.37382
1.36467
1.3647
1.36974
1.37376
1.37226
1.3645
1.35355
1.34436
1.34115
1.34534
1.35527
1.36714
1.37694
1.38304
1.38736
1.39377
1.40437
1.41718
1.42812
1.43421
1.43497
1.43156
1.42583
1.42035
1.41856
1.424
1.43818
1.4598
1.48514
1.50968
1.52945
1.54145
1.54336
1.53333
1.51051
1.47623
1.43609
1.39961
1.37529
1.36528
1.36558
1.37018
1.37465
1.37763
1.38017
1.38439
1.39204
1.40343
1.41674
1.42852
1.43529
1.43479
1.42596
1.4085
1.38303
1.3523
1.32147
1.29614
1.2796
1.2722
1.2728
1.27947
1.28972
1.30081
1.31039
1.31684
1.31909
1.31657
1.30952
1.29955
1.28991
1.28567
1.2917
1.30903
1.33271
1.35473
1.36928
1.37514
1.37495
1.37302
1.37326
1.37838
1.38983
1.40736
1.42825
1.44756
1.45982
1.46147
1.45213
1.43418
1.41109
1.38592
1.36106
1.33878
1.32146
1.31128
1.3097
1.31742
1.33435
1.35905
1.38789
1.41539
1.43578
1.44542
1.44365
1.43246
1.41485
1.39358
1.37008
1.34477
1.31834
1.29463
1.28205
1.28837
1.31183
1.34151
1.36682
1.38325
1.39136
1.39381
1.39295
1.38957
1.38301
1.37233
1.35761
1.34137
1.32832
1.32361
1.33061
1.34938
1.37713
1.40961
1.4422
1.47055
1.49103
1.50131
1.50086
1.49069
1.47264
1.44853
1.42028
1.39068
1.36433
1.34715
1.34367
1.35351
1.37052
1.38603
1.39317
1.38879
1.37362
1.35151
1.32853
1.31126
1.30436
1.30885
1.32225
1.33966
1.35535
1.3639
1.36078
1.34313
1.31117
1.27011
1.23073
1.20683
1.20972
1.24221
1.29714
1.36182
1.42415
1.47582
1.51249
1.53256
1.53616
1.52433
1.49834
1.45958
1.40984
1.35167
1.28941
1.23044
1.18563
1.16644
1.17806
1.21482
1.26374
1.31206
1.35192
1.38124
1.4021
1.41806
1.43134
1.44158
1.44651
1.44338
1.43036
1.40789
1.37963
1.35163
1.33003
1.31901
1.3199
1.3319
1.35311
1.38065
1.41029
1.43679
1.4557
1.46506
1.46584
1.46095
1.45326
1.44402
1.43281
1.41981
1.4084
1.40396
1.40862
1.4184
1.42668
1.42925
1.42627
1.42153
1.4202
1.42615
1.44008
1.45911
1.47767
1.48908
1.48739
1.46939
1.43578
1.3911
1.3427
1.29919
1.26835
1.25386
1.25257
1.25548
1.25263
1.23858
1.21603
1.19526
1.18696
1.1939
1.21128
1.23322
1.25611
1.27806
1.29741
1.31223
1.32103
1.32414
1.32444
1.32669
1.33507
1.35107
1.37334
1.39849
1.42195
1.43917
1.44738
1.44691
1.4405
1.4309
1.41943
1.40649
1.39316
1.38198
1.37563
