1.97739
2.01468
2.05196
2.07784
2.08664
2.07901
2.0605
2.03935
2.02229
2.01081
2.00234
1.99521
1.99183
1.99696
2.01334
2.03896
2.0678
2.09273
2.10809
2.11142
2.10369
2.08863
2.0703
2.05081
2.03035
2.00942
1.9909
1.97908
1.97692
1.98481
2.00155
2.02596
2.05739
2.09512
2.13704
2.17868
2.21438
2.2394
2.25178
2.25217
2.24255
2.22536
2.20339
2.17973
2.15679
2.13594
2.117
2.09831
2.07753
2.05315
2.02663
2.00216
1.98424
1.97457
1.9721
1.97664
1.99198
2.0216
2.06148
2.10246
2.13849
2.16908
2.1953
2.21632
2.22889
2.22939
2.2153
2.18606
2.14241
2.08614
2.02162
1.95895
1.91423
1.90045
1.9156
1.94394
1.96872
1.98085
1.97966
1.97021
1.9606
1.959
1.9705
1.99569
2.0315
2.0729
2.1147
2.15178
2.1793
2.1933
2.19192
2.17678
2.15244
2.12367
2.09215
2.0561
2.01443
1.97231
1.94276
1.94017
1.9688
2.01867
2.07492
2.12832
2.17671
2.21882
2.2491
2.25878
2.24183
2.19969
2.14183
2.08283
2.0371
2.01304
2.00992
2.01998
2.03406
2.04632
2.05546
2.06308
2.07069
2.07824
2.08457
2.08801
2.08701
2.08059
2.06906
2.05429
2.03879
2.02472
2.01455
2.01175
2.01918
2.03639
2.06029
2.08767
2.11539
2.13941
2.15613
2.16436
2.16574
2.1631
2.15888
2.15356
2.14525
2.13028
2.1049
2.06738
2.01912
1.96436
1.90925
1.86152
1.83026
1.82408
1.84794
1.90042
1.97254
2.04956
2.11508
2.15641
2.16836
2.15509
2.12939
2.10757
2.0999
2.10403
2.1094
2.1078
2.09926
2.09013
2.08713
2.0921
2.10266
2.11616
2.13179
2.14999
2.17054
2.19032
2.20319
2.20242
2.18367
2.14703
2.09737
2.04294
1.992
1.94965
1.91699
1.89391
1.88414
1.89639
1.93467
1.99009
2.04749
2.09582
2.13018
2.14954
2.15531
2.15003
2.13638
2.11624
2.09089
2.06183
2.03211
2.00568
1.98542
1.97167
1.96354
1.96109
1.96626
1.98191
2.00939
2.0464
2.08741
2.1264
2.15883
2.18139
2.19133
2.18675
2.1687
2.14251
2.11598
2.09619
2.08698
2.08813
2.09709
2.11197
2.13181
2.15424
2.17512
2.19023
2.19691
2.19515
2.18811
2.18162
2.18103
2.18784
2.19939
2.21193
2.22305
2.23187
2.23782
2.23974
2.23458
2.21666
2.17987
2.12181
2.04692
1.9661
1.89305
1.83875
1.80743
1.79592
1.7961
1.7999
1.8046
1.81429
1.83581
1.87271
1.92341
1.98314
2.04643
2.10781
2.16169
2.20247
2.22454
2.22318
2.19679
2.14948
2.09102
2.03421
1.99057
1.96718
1.96579
1.98388
2.01624
2.05596
2.09508
2.12568
2.14108
2.13724
2.11368
2.0735
2.02365
1.97403
1.93543
1.91609
1.91865
1.94
1.97303
2.00956
2.04283
2.06904
2.08748
2.0993
2.10652
2.11086
2.11317
2.11303
2.10926
2.10062
2.08626
2.06615
2.04182
2.01712
1.99804
1.99072
1.99918
2.02401
2.0617
2.10466
2.14272
2.16569
2.16589
2.14068
2.09481
2.03986
1.98915
1.95245
1.93393
1.93321
1.94709
1.97112
2.00112
2.03391
2.06659
2.09625
2.1213
2.14252
2.16198
2.18097
2.19885
2.21364
2.22304
2.22437
2.21493
2.19357
2.1625
2.12748
2.09594
2.07381
2.0626
2.05917
2.0583
2.05617
2.05271
2.05091
2.05325
2.05871
2.06309
2.06186
2.05275
2.03676
2.01765
1.99937
1.98412
1.97252
1.96605
1.96874
1.9863
2.02297
2.07766
2.14235
2.20431
2.25028
2.27064
2.26165
2.22534
2.16856
2.10149
2.03612
1.98338
1.95006
1.93772
1.94429
1.9661
1.99891
2.03716
2.07385
2.10185
2.1164
2.11639
2.10355
2.08076
2.05085
2.01735
1.9859
1.96344
1.9543
1.95765
1.96925
1.98437
1.99982
2.01467
2.03019
2.04963
2.07651
2.11165
2.15075
2.18641
2.21245
2.22601
2.22738
2.21888
2.20365
2.18404
2.16119
2.13671
2.11466
2.09954
2.09184
2.08639
2.07468
2.04993
2.01293
1.97473
1.95224
1.95814
1.993
2.04655
2.10486
2.15631
2.19329
2.21175
2.2111
2.19393
2.16479
2.12794
2.08607
2.04113
1.99663
1.95863
1.9337
1.9248
1.92867
1.93784
1.94565
1.94974
1.95316
1.96324
1.98609
2.0198
2.05436
2.07869
2.08677
2.07898
2.05998
2.03577
2.01117
1.98874
1.97007
1.95782
1.95681
1.97256
2.00806
2.06078
2.12213
2.17988
2.22239
2.24233
2.23833
2.21408
2.17649
2.13366
2.09331
2.06115
2.04046
2.03254
2.03731
2.05306
2.07552
2.09784
2.11265
2.11541
2.107
2.09231
2.07615
2.06003
2.04248
2.02236
2.00136
1.98394
1.97553
1.98004
1.9977
2.02464
2.05436
2.08046
2.0989
2.10848
2.10965
2.10315
2.08942
2.06908
2.04439
2.02037
2.0042
2.00149
2.01276
2.03321
2.05508
2.07051
2.07399
2.06477
2.04764
2.03112
2.02366
2.03011
2.05005
2.07826
2.10714
2.12987
2.14301
2.14763
2.1486
2.15223
2.16307
2.18112
2.20217
2.22029
2.23094
2.23318
2.22944
2.22381
2.21975
2.21857
2.21875
2.21667
2.20836
2.19154
2.16741
2.14017
2.11409
2.09084
2.07001
2.05114
2.03497
2.02278
2.01519
2.0117
2.01102
2.01127
2.00972
2.00289
1.98741
1.9615
1.92691
1.89025
1.862
1.85225
1.86498
1.89565
1.93422
1.97099
2.00089
2.02415
2.04361
2.06134
2.07629
2.08411
2.07959
2.05957
2.02486
1.98017
1.93296
1.89222
1.86732
1.86543
1.88852
1.93229
1.98813
2.04586
2.09666
2.13498
2.15952
2.17272
2.17881
2.18162
2.18346
2.18535
2.18773
2.19014
2.19087
2.1875
2.17847
2.16412
2.14658
2.12895
2.11561
2.11175
2.12103
2.14139
2.16387
2.1775
2.17588
2.1602
2.13634
2.11034
2.0856
2.06289
2.04238
2.0247
2.01002
1.9967
1.98093
1.95886
1.93038
1.9008
1.87855
1.86964
1.87443
1.88841
1.90605
1.92427
1.94358
1.96777
2.00221
2.05001
2.10826
2.16806
2.2181
2.24949
2.25929
2.25119
2.23314
2.21367
2.19907
2.19222
2.19316
2.20003
2.20954
2.21728
2.21833
2.20776
2.18148
2.13752
2.07845
2.01333
1.95665
1.9223
1.91653
1.93521
1.96648
1.99664
2.01644
2.02418
2.02468
2.02451
2.02791
2.03465
2.04091
2.0436
2.04447
2.04948
2.06348
2.08556
2.10947
2.12729
2.13267
2.12231
2.09608
2.05695
2.00999
1.96265
1.92545
1.91023
1.92385
1.96295
2.01595
2.07112
2.12246
2.16871
2.20905
2.24112
2.26202
2.26956
2.26319
2.24444
2.21628
2.18176
2.14406
2.10798
2.08008
2.06634
2.06909
2.08576
2.10995
2.13387
2.15177
2.16201
2.16729
2.17206
2.17967
2.19104
2.20477
2.21717
2.22253
2.21518
2.19132
2.14915
2.08869
2.01376
1.9344
1.86565
1.82116
1.807
1.81996
1.84984
1.88299
1.90616
1.91137
1.89871
1.87522
1.85153
1.83787
1.84147
1.86513
1.90655
1.95898
2.01386
2.06402
2.10562
2.13766
2.15961
2.17
2.16668
2.149
2.12014
2.08754
2.06073
2.047
2.04704
2.05461
2.06064
2.05839
2.04675
2.03032
2.01655
2.01172
2.018
2.03291
2.0507
2.06541
2.07456
2.08104
2.09066
2.10655
2.12576
2.14217
2.15132
2.15245
2.14734
2.13875
2.13052
2.12784
2.13599
2.15727
2.1897
2.22771
2.26452
2.29417
2.31217
2.31504
2.29999
2.26576
2.21435
2.15414
2.09942
2.06294
2.04792
2.04837
2.05527
2.06198
2.06644
2.07025
2.07659
2.08807
2.10514
2.12511
2.14277
2.15294
2.15219
2.13895
2.11275
2.07455
2.02846
1.9822
1.94421
1.9194
1.9083
1.9092
1.91921
1.93458
1.95122
1.96559
1.97526
1.97864
1.97486
1.96428
1.94932
1.93487
1.9285
1.93755
1.96355
1.99906
2.03209
2.05393
2.06271
2.06243
2.05954
2.05989
2.06757
2.08474
2.11104
2.14237
2.17134
2.18973
2.1922
2.1782
2.15127
2.11663
2.07888
2.0416
2.00817
1.98219
1.96692
1.96455
1.97613
2.00153
2.03857
2.08184
2.12308
2.15368
2.16812
2.16548
2.1487
2.12228
2.09037
2.05512
2.01716
1.97751
1.94194
1.92308
1.93256
1.96774
2.01226
2.05023
2.07487
2.08704
2.09072
2.08943
2.08435
2.07452
2.05849
2.03641
2.01205
1.99247
1.98542
1.99591
2.02407
2.0657
2.11441
2.1633
2.20582
2.23654
2.25197
2.2513
2.23603
2.20896
2.1728
2.13043
2.08602
2.04649
2.02072
2.0155
2.03027
2.05578
2.07905
2.08976
2.08319
2.06044
2.02726
1.9928
1.96689
1.95655
1.96327
1.98338
2.00949
2.03303
2.04585
2.04118
2.0147
1.96675
1.90517
1.8461
1.81025
1.81458
1.86332
1.94571
2.04273
2.13622
2.21373
2.26873
2.29884
2.30424
2.2865
2.24751
2.18937
2.11475
2.0275
1.93412
1.84566
1.77844
1.74966
1.76709
1.82223
1.89562
1.96809
2.02788
2.07186
2.10315
2.12709
2.147
2.16237
2.16976
2.16506
2.14554
2.11184
2.06945
2.02744
1.99504
1.97851
1.97985
1.99785
2.02966
2.07097
2.11543
2.15518
2.18354
2.19758
2.19876
2.19143
2.17989
2.16602
2.14921
2.12972
2.1126
2.10595
2.11293
2.1276
2.14003
2.14387
2.1394
2.13229
2.13031
2.13923
2.16012
2.18867
2.21651
2.23363
2.23109
2.20409
2.15368
2.08665
2.01405
1.94879
1.90252
1.88079
1.87886
1.88322
1.87894
1.85787
1.82405
1.79289
1.78043
1.79085
1.81692
1.84983
1.88416
1.91709
1.94612
1.96835
1.98154
1.98621
1.98666
1.99004
2.0026
2.02661
2.06001
2.09774
2.13292
2.15875
2.17107
2.17037
2.16074
2.14634
2.12914
2.10973
2.08974
2.07297
2.06345
