-3.84371
-3.84274
-3.84372
-3.8434
-3.84405
-3.84243
-3.84048
-3.84047
-3.84177
-3.8408
-3.8421
-3.84145
-3.8408
-3.8408
-3.8395
-3.83659
-3.83595
-3.83822
-3.8379
-3.83952
-3.83919
-3.83886
-3.83757
-3.83919
-3.83886
-3.84016
-3.84308
-3.84404
-3.84534
-3.84469
-3.84437
-3.84502
-3.8434
-3.84373
-3.84502
-3.84341
-3.84406
-3.84471
-3.84373
-3.84244
-3.84308
-3.84308
-3.84437
-3.8434
-3.84178
-3.8421
-3.84308
-3.84211
-3.84146
-3.84211
-3.84113
-3.84113
-3.84113
-3.84308
-3.84307
-3.84372
-3.84501
-3.84404
-3.84243
-3.84437
-3.84632
-3.8447
-3.84178
-3.84179
-3.84049
-3.84114
-3.84211
-3.84244
-3.84309
-3.84212
-3.84017
-3.84275
-3.84436
-3.84566
-3.846
-3.84601
-3.84407
-3.84342
-3.84277
-3.84309
-3.84114
-3.84276
-3.84438
-3.846
-3.84633
-3.84503
-3.84244
-3.84374
-3.84536
-3.84504
-3.84666
-3.8473
-3.84632
-3.84794
-3.84859
-3.84762
-3.84697
-3.84566
-3.84566
-3.84792
-3.84469
-3.84535
-3.84632
-3.84729
-3.84502
-3.84535
-3.84536
-3.84536
-3.8473
-3.84827
-3.84858
-3.84954
-3.84889
-3.8476
-3.84599
-3.8447
-3.84502
-3.846
-3.84438
-3.84341
-3.84308
-3.84146
-3.84114
-3.84114
-3.84244
-3.84341
-3.84406
-3.84341
-3.84405
-3.84373
-3.8447
-3.84308
-3.84146
-3.84113
-3.84081
-3.84308
-3.84308
-3.84082
-3.83952
-3.8379
-3.83887
-3.8421
-3.84243
-3.8447
-3.84373
-3.84308
-3.84082
-3.84179
-3.84114
-3.84373
-3.84372
-3.84274
-3.84436
-3.84468
-3.84468
-3.84339
-3.84437
-3.84341
-3.84374
-3.84245
-3.84245
-3.84373
-3.84631
-3.84599
-3.84793
-3.84923
-3.85021
-3.84762
-3.84697
-3.84696
-3.84631
-3.84729
-3.84534
-3.84405
-3.84502
-3.8434
-3.84405
-3.84567
-3.84535
-3.84308
-3.84535
-3.84438
-3.84373
-3.84404
-3.8421
-3.84372
-3.84372
-3.8434
-3.84339
-3.84436
-3.84307
-3.84405
-3.84471
-3.84406
-3.84471
-3.84309
-3.84406
-3.84405
-3.84373
-3.84308
-3.84308
-3.84146
-3.84081
-3.83887
-3.84114
-3.84276
-3.84179
-3.84243
-3.84178
-3.84178
-3.84146
-3.84114
-3.84244
-3.84277
-3.84115
-3.84115
-3.84277
-3.84244
-3.84179
-3.84016
-3.84178
-3.84145
-3.8421
-3.84113
-3.84016
-3.83789
-3.83919
-3.84081
-3.84308
-3.84308
-3.84373
-3.84405
-3.84341
-3.84405
-3.84081
-3.84211
-3.83985
-3.84244
-3.84147
-3.83855
-3.84082
-3.84212
-3.84277
-3.84375
-3.8431
-3.84439
-3.84536
-3.8447
-3.8447
-3.84696
-3.84923
-3.84859
-3.84795
-3.8473
-3.84698
-3.84438
-3.84373
-3.84406
-3.84438
-3.84471
-3.84406
-3.84504
-3.84504
-3.84537
-3.8431
-3.8457
-3.84764
-3.84472
-3.84471
-3.846
-3.8434
-3.84469
-3.84405
-3.84502
-3.84373
-3.84147
-3.84212
-3.83953
-3.84148
-3.84213
-3.84083
-3.84245
-3.84438
-3.84146
-3.84178
-3.84081
-3.84017
-3.8405
-3.8405
-3.8418
-3.84342
-3.84375
-3.84342
-3.84504
-3.84471
-3.84569
-3.84666
-3.84666
-3.84602
-3.8444
-3.84537
-3.84407
-3.84407
-3.84504
-3.84633
-3.84374
-3.84471
-3.84277
-3.8418
-3.84245
-3.84408
-3.84408
-3.84441
-3.84311
-3.84213
-3.83953
-3.83887
-3.8379
-3.84017
-3.84017
-3.84114
-3.84115
-3.8392
-3.8392
-3.83953
-3.84147
-3.8405
-3.8405
-3.84049
-3.8392
-3.8379
-3.83791
-3.83726
-3.84018
-3.84147
-3.84342
-3.84341
-3.84308
-3.84276
-3.84373
-3.84405
-3.84406
-3.84438
-3.84601
-3.84503
-3.84601
-3.84374
-3.84569
-3.84439
-3.84278
-3.8444
-3.8418
-3.84342
-3.84471
-3.84536
-3.84439
-3.84309
-3.84244
-3.84211
-3.84308
-3.84212
-3.84342
-3.84375
-3.84117
-3.84149
-3.84214
-3.84149
-3.84019
-3.84147
-3.84082
-3.84017
-3.84114
-3.84114
-3.83985
-3.83856
-3.84115
-3.84051
-3.83922
-3.83987
-3.84052
-3.84149
-3.84019
-3.84052
-3.84116
-3.84051
-3.83921
-3.83856
-3.83694
-3.83597
-3.83695
-3.83986
-3.84148
-3.84148
-3.84147
-3.84147
-3.8405
-3.83792
-3.83825
-3.83954
-3.84084
-3.84246
-3.84343
-3.84375
-3.84504
-3.84601
-3.84634
-3.84245
-3.84439
-3.84504
-3.8431
-3.84246
-3.83923
-3.8415
-3.84214
-3.8431
-3.84245
-3.84083
-3.84148
-3.84149
-3.84247
-3.84344
-3.84377
-3.84312
-3.84279
-3.84603
-3.84506
-3.84635
-3.84441
-3.84635
-3.8457
-3.84472
-3.84408
-3.84246
-3.84052
-3.84182
-3.84311
-3.84247
-3.84311
-3.84246
-3.84278
-3.84538
-3.84603
-3.84538
-3.84668
-3.84699
-3.84537
-3.84181
-3.84019
-3.83792
-3.84051
-3.84083
-3.84147
-3.84341
-3.84665
-3.84536
-3.84342
-3.84278
-3.84376
-3.84344
-3.84247
-3.84181
-3.8444
-3.84666
-3.84536
-3.84342
-3.84471
-3.84471
-3.84471
-3.84601
-3.84505
-3.84602
-3.84603
-3.84603
-3.84634
-3.84569
-3.84569
-3.84893
-3.85023
-3.84926
-3.84667
-3.84375
-3.84536
-3.8431
-3.84374
-3.84181
-3.84278
-3.84311
-3.8444
-3.84505
-3.84376
-3.84214
-3.84084
-3.84116
-3.84214
-3.84181
-3.84277
-3.84115
-3.8418
-3.8431
-3.84117
-3.84214
-3.84214
-3.84149
-3.84246
-3.84245
-3.8405
-3.83856
-3.8418
-3.84213
-3.84246
-3.8444
-3.84505
-3.84375
-3.84277
-3.84212
-3.84018
-3.84245
-3.8444
-3.84505
-3.84537
-3.8444
-3.84343
-3.84246
-3.8431
-3.84278
-3.84375
-3.84117
-3.84149
-3.84279
-3.84278
-3.84019
-3.83857
-3.83986
-3.8418
-3.84278
-3.84213
-3.8431
-3.84342
-3.84407
-3.84407
-3.84569
-3.84505
-3.84505
-3.84408
-3.84408
-3.84311
-3.84116
-3.83953
-3.83985
-3.84083
-3.84084
-3.84181
-3.84149
-3.84343
-3.84214
-3.84245
-3.84278
-3.84019
-3.84214
-3.84279
-3.84052
-3.84278
-3.8444
-3.84472
-3.84665
-3.84762
-3.84729
-3.84471
-3.84665
-3.84666
-3.84505
-3.8444
-3.84311
-3.84375
-3.8431
-3.84407
-3.84472
-3.8444
-3.84407
-3.84731
-3.84569
-3.8444
-3.84569
-3.84505
-3.84472
-3.84181
-3.83922
-3.83792
-3.83889
-3.83856
-3.83857
-3.84116
-3.83923
-3.83955
-3.8389
-3.83889
-3.84019
-3.84019
-3.84116
-3.84408
-3.84537
-3.84635
-3.84667
-3.84635
-3.84667
-3.84538
-3.84472
-3.84569
-3.84731
-3.84699
-3.84764
-3.84732
-3.8457
-3.84376
-3.84278
-3.84278
-3.84375
-3.84537
-3.84376
-3.84215
-3.84053
-3.84118
-3.84311
-3.84569
-3.84602
-3.84537
-3.84569
-3.84505
-3.84408
-3.84278
-3.83955
-3.84085
-3.84279
-3.84409
-3.84571
-3.84311
-3.84246
-3.84472
-3.84439
-3.84374
-3.8431
-3.84376
-3.84668
-3.8483
-3.84409
-3.84408
-3.84375
-3.8444
-3.84279
-3.84052
-3.84117
-3.84149
-3.84246
-3.8431
-3.84278
-3.84246
-3.84441
-3.84376
-3.84473
-3.84473
-3.84214
-3.84375
-3.84245
-3.84115
-3.84212
-3.84115
-3.8418
-3.84084
-3.84052
-3.8402
-3.83987
-3.84085
-3.8402
-3.84376
-3.84182
-3.84279
-3.84311
-3.84117
-3.84116
-3.84245
-3.84278
-3.84245
-3.8418
-3.84278
-3.8444
-3.84279
-3.84117
-3.83729
-3.83728
-3.8376
-3.83922
-3.83921
-3.83857
-3.83922
-3.84019
-3.83955
-3.84182
-3.84214
-3.8415
-3.84344
-3.84117
-3.84278
-3.84406
-3.84244
-3.84277
-3.84277
-3.84311
-3.84214
-3.84247
-3.84442
-3.84376
-3.8444
-3.84342
-3.84374
-3.84342
-3.8431
-3.84051
-3.84181
-3.84052
-3.84344
-3.84279
-3.84214
-3.84376
-3.84409
-3.84474
-3.84636
-3.84667
-3.84408
-3.84407
-3.84537
-3.84408
-3.84473
-3.84635
-3.84538
-3.84667
-3.84764
-3.84796
-3.84699
-3.84537
-3.8457
-3.84473
-3.84473
-3.84409
-3.84441
-3.84181
-3.83922
-3.83826
-3.84053
-3.84085
-3.84052
-3.84052
-3.84085
-3.84149
-3.84505
-3.8457
-3.84505
-3.84376
-3.84279
-3.84571
-3.84539
-3.84474
-3.84506
-3.84442
-3.84571
-3.84603
-3.84441
-3.84084
-3.84246
-3.84214
-3.84182
-3.84279
-3.84118
-3.8402
-3.83728
-3.83858
-3.84149
-3.84311
-3.84408
-3.84635
-3.84571
-3.84506
-3.84312
-3.84344
-3.84279
-3.84214
-3.84246
-3.84083
-3.84019
-3.84213
-3.84213
-3.84246
-3.84149
-3.84084
-3.8402
-3.83794
-3.83632
-3.83664
-3.83729
-3.83858
-3.83858
-3.83793
-3.83825
-3.83761
-3.83988
-3.84054
-3.84183
-3.84183
-3.84118
-3.83988
-3.83987
-3.83922
-3.84052
-3.84117
-3.84182
-3.84312
-3.84442
-3.84442
-3.84506
-3.84506
-3.84797
-3.84408
-3.84279
-3.84343
-3.84311
-3.8431
-3.8431
-3.84245
-3.84375
-3.84084
-3.84182
-3.8415
-3.84021
-3.84118
-3.84215
-3.84409
-3.84312
-3.8415
-3.84215
-3.84377
-3.84182
-3.84376
-3.8444
-3.84407
-3.84538
-3.8415
-3.84053
-3.8415
-3.8415
-3.84117
-3.84279
-3.84117
-3.84117
-3.8402
-3.84214
-3.84181
-3.84212
-3.83953
-3.84083
-3.8418
-3.84407
-3.84311
-3.84149
-3.84214
-3.84246
-3.84505
-3.84375
-3.8431
-3.84245
-3.8418
-3.84148
-3.8405
-3.83823
-3.83952
-3.84049
-3.84147
-3.84115
-3.83986
-3.83987
-3.84181
-3.8418
-3.83986
-3.84082
-3.84276
-3.84179
-3.84309
-3.84374
-3.84407
-3.84375
-3.8444
-3.84472
-3.84376
-3.84278
-3.8431
-3.8447
-3.84534
-3.84728
-3.84599
-3.846
-3.84763
-3.84763
-3.84731
-3.84925
-3.8499
-3.84893
-3.8486
-3.84763
-3.84731
-3.84731
-3.84795
-3.84794
-3.84664
-3.84533
-3.84241
-3.84177
-3.84308
-3.83985
-3.84018
-3.8418
-3.8418
-3.8418
-3.84244
-3.84276
-3.84341
-3.84439
-3.84536
-3.84471
-3.84245
-3.84277
-3.84114
-3.84146
-3.84243
-3.84308
-3.84535
-3.84308
-3.84341
-3.84212
-3.84245
-3.84213
-3.84342
-3.84212
-3.84245
-3.84342
-3.84666
-3.84277
-3.84244
-3.84438
-3.84341
-3.84471
-3.84569
-3.8444
-3.84343
-3.84439
-3.84406
-3.84244
-3.84179
-3.84179
-3.84309
-3.8431
-3.84181
-3.84149
-3.84181
-3.84018
-3.84179
-3.84276
-3.84243
-3.84242
-3.8421
-3.84179
-3.84245
-3.84213
-3.8431
-3.84244
-3.84146
-3.84146
-3.8405
-3.8392
-3.84147
-3.84147
-3.84148
-3.83953
-3.83824
-3.83727
-3.83759
-3.83628
-3.83628
-3.83757
-3.83725
-3.83628
-3.83758
-3.83953
-3.83824
-3.83824
-3.83888
-3.83856
-3.83888
-3.83888
-3.83952
-3.83952
-3.83984
-3.84049
