-5.8211
-5.85742
-5.89568
-5.92124
-5.93069
-5.92143
-5.90097
-5.87983
-5.86406
-5.85161
-5.84444
-5.83666
-5.83263
-5.83776
-5.85285
-5.87555
-5.90375
-5.93095
-5.94599
-5.95094
-5.94287
-5.92749
-5.90787
-5.89
-5.86922
-5.84958
-5.83398
-5.82313
-5.82226
-5.8295
-5.84592
-5.87098
-5.90079
-5.93885
-5.98206
-6.02208
-6.05844
-6.08411
-6.09551
-6.09461
-6.08564
-6.06844
-6.04776
-6.02313
-5.99857
-5.97804
-5.96008
-5.94042
-5.91899
-5.89525
-5.86776
-5.84329
-5.82537
-5.81764
-5.81518
-5.82036
-5.83699
-5.86564
-5.90391
-5.94683
-5.98481
-6.01377
-6.03708
-6.0581
-6.06939
-6.07053
-6.05742
-6.0285
-5.98549
-5.92826
-5.86179
-5.8017
-5.7586
-5.74611
-5.7616
-5.78995
-5.81279
-5.82427
-5.82244
-5.8133
-5.80174
-5.80176
-5.81487
-5.84169
-5.87782
-5.91793
-5.95714
-5.99551
-6.02466
-6.03834
-6.03858
-6.02408
-5.99876
-5.9716
-5.94074
-5.90372
-5.8614
-5.81798
-5.78842
-5.78809
-5.81349
-5.86401
-5.92124
-5.97561
-6.02173
-6.06417
-6.09445
-6.10414
-6.08914
-6.04795
-5.99042
-5.93237
-5.88599
-5.86065
-5.85591
-5.86467
-5.87909
-5.89232
-5.89984
-5.90649
-5.91377
-5.91971
-5.92571
-5.92915
-5.92945
-5.924
-5.91312
-5.8977
-5.88284
-5.86845
-5.85924
-5.85482
-5.86063
-5.87752
-5.9011
-5.93075
-5.95847
-5.98023
-5.99565
-6.00226
-6.00461
-6.0052
-6.00131
-5.99826
-5.98898
-5.97337
-5.94572
-5.90916
-5.86026
-5.80809
-5.75297
-5.70427
-5.67462
-5.66876
-5.69262
-5.74381
-5.81691
-5.89297
-5.95882
-5.99886
-6.0108
-5.99882
-5.9757
-5.95355
-5.94783
-5.95326
-5.9596
-5.95541
-5.94622
-5.9371
-5.93344
-5.93938
-5.948
-5.96021
-5.97681
-5.99339
-6.01458
-6.03599
-6.04854
-6.04551
-6.02902
-5.99141
-5.9411
-5.88698
-5.8341
-5.79337
-5.76072
-5.73731
-5.72753
-5.74075
-5.77774
-5.83415
-5.89219
-5.93988
-5.97488
-5.99263
-5.99936
-5.99408
-5.9801
-5.95932
-5.93397
-5.90329
-5.87293
-5.84455
-5.82656
-5.81443
-5.80533
-5.80353
-5.80804
-5.82369
-5.85085
-5.88754
-5.92985
-5.96917
-5.99998
-6.02254
-6.0341
-6.02919
-6.01049
-5.98267
-5.95776
-5.93765
-5.92908
-5.92926
-5.93725
-5.94986
-5.971
-5.99505
-6.0182
-6.03331
-6.04064
-6.0392
-6.03151
-6.02567
-6.02184
-6.02995
-6.03924
-6.05437
-6.06452
-6.07043
-6.07864
-6.08186
-6.07735
-6.0604
-6.02297
-5.96621
-5.89228
-5.8108
-5.73775
-5.68571
-5.65666
-5.64451
-5.64405
-5.64721
-5.65158
-5.65868
-5.67954
-5.71677
-5.76779
-5.82784
-5.89049
-5.95285
-6.00673
-6.04784
-6.06764
-6.06888
-6.04443
-5.9942
-5.93573
-5.8802
-5.83397
-5.81188
-5.80984
-5.8289
-5.85997
-5.89742
-5.9372
-5.96521
-5.98256
-5.97937
-5.95451
-5.91595
-5.86803
-5.81549
-5.77722
-5.7569
-5.75882
-5.7805
-5.81354
-5.85136
-5.88626
-5.91279
-5.93091
-5.94434
-5.95123
-5.95654
-5.95983
-5.9597
-5.95528
-5.94502
-5.93163
-5.91023
-5.88589
-5.86216
-5.84437
-5.83446
-5.84388
-5.86677
-5.9035
-5.94711
-5.98679
-6.00977
-6.0103
-5.98379
-5.93693
-5.87939
-5.82802
-5.79036
-5.7741
-5.77338
-5.78824
-5.81227
-5.84032
-5.87312
-5.90612
-5.93772
-5.9618
-5.98302
-6.00247
-6.02016
-6.03675
-6.05155
-6.0603
-6.06455
-6.0564
-6.03699
-6.00591
-5.97057
-5.9387
-5.91754
-5.90666
-5.90323
-5.90268
-5.90218
-5.89774
-5.89692
-5.897
-5.9044
-5.90748
-5.90464
-5.89715
-5.87856
-5.86107
-5.84408
-5.82948
-5.81691
-5.80915
-5.81118
-5.82841
-5.86606
-5.91978
-5.98577
-6.04806
-6.09144
-6.11214
-6.10379
-6.06683
-6.00875
-5.94296
-5.87694
-5.82355
-5.7912
-5.77887
-5.78414
-5.80466
-5.84006
-5.87767
-5.91307
-5.94172
-5.95692
-5.95788
-5.94374
-5.92128
-5.89201
-5.85786
-5.82511
-5.802
-5.79124
-5.79362
-5.8062
-5.82423
-5.8413
-5.85614
-5.87167
-5.8911
-5.91702
-5.94957
-5.989
-6.02595
-6.05329
-6.06847
-6.07081
-6.06263
-6.04869
-6.03005
-6.00753
-5.97916
-5.95906
-5.94459
-5.93494
-5.92886
-5.91392
-5.89144
-5.85507
-5.81783
-5.79469
-5.79896
-5.83448
-5.88804
-5.94732
-5.99975
-6.03705
-6.05487
-6.0539
-6.03996
-6.00984
-5.97429
-5.93048
-5.88748
-5.84233
-5.80336
-5.77778
-5.76725
-5.76919
-5.77965
-5.78876
-5.7922
-5.79627
-5.80569
-5.82887
-5.86517
-5.90038
-5.92408
-5.93345
-5.92597
-5.90535
-5.87758
-5.85136
-5.82666
-5.81058
-5.79865
-5.79828
-5.81597
-5.85471
-5.90614
-5.96555
-6.02267
-6.06615
-6.08577
-6.08079
-6.0559
-6.02089
-5.98032
-5.93867
-5.90457
-5.88518
-5.87725
-5.88203
-5.89907
-5.92056
-5.94387
-5.95868
-5.96144
-5.95334
-5.938
-5.92184
-5.90896
-5.89271
-5.87162
-5.84803
-5.82768
-5.82089
-5.82313
-5.84144
-5.86645
-5.89714
-5.92357
-5.94331
-5.95353
-5.9534
-5.94528
-5.93026
-5.91024
-5.88653
-5.86217
-5.84697
-5.84265
-5.85457
-5.87631
-5.89625
-5.91265
-5.91613
-5.90626
-5.89009
-5.87357
-5.86416
-5.86867
-5.89185
-5.92039
-5.9496
-5.97427
-5.98806
-5.99137
-5.99137
-5.99435
-6.00325
-6.02357
-6.04657
-6.06534
-6.07631
-6.07758
-6.07287
-6.06627
-6.06286
-6.06135
-6.06251
-6.05783
-6.04986
-6.03433
-6.01019
-5.98036
-5.95266
-5.9307
-5.91182
-5.89392
-5.8771
-5.86587
-5.85861
-5.85577
-5.85509
-5.85696
-5.85477
-5.84794
-5.8315
-5.80558
-5.77002
-5.73141
-5.70154
-5.69211
-5.70581
-5.73649
-5.77603
-5.81248
-5.84432
-5.86629
-5.88606
-5.90412
-5.91648
-5.92624
-5.92238
-5.90009
-5.86765
-5.82457
-5.77767
-5.73887
-5.71493
-5.71273
-5.73322
-5.77895
-5.83479
-5.89091
-5.94106
-5.97809
-6.00327
-6.01583
-6.02289
-6.02634
-6.02785
-6.02942
-6.03503
-6.03583
-6.03526
-6.0332
-6.02352
-6.00884
-5.98839
-5.96817
-5.95353
-5.95063
-5.95959
-5.97996
-6.00504
-6.01672
-6.01543
-5.99909
-5.97523
-5.95053
-5.92579
-5.90405
-5.88645
-5.87007
-5.85637
-5.84337
-5.82727
-5.80554
-5.77575
-5.74552
-5.72424
-5.71695
-5.72142
-5.73605
-5.75337
-5.76998
-5.78734
-5.81055
-5.84499
-5.89376
-5.95363
-6.01182
-6.06025
-6.09002
-6.10047
-6.0943
-6.07884
-6.05969
-6.04444
-6.03791
-6.0382
-6.04411
-6.05233
-6.05683
-6.05918
-6.05055
-6.02557
-5.98322
-5.92156
-5.85579
-5.80136
-5.76669
-5.76027
-5.77831
-5.81024
-5.84332
-5.86473
-5.86826
-5.86876
-5.86827
-5.87232
-5.87744
-5.88144
-5.88477
-5.88596
-5.89194
-5.90658
-5.92835
-5.95193
-5.9717
-5.97644
-5.96704
-5.94082
-5.89909
-5.85375
-5.80511
-5.7666
-5.75234
-5.765
-5.80475
-5.85679
-5.91164
-5.96266
-6.00858
-6.0499
-6.08132
-6.10578
-6.11138
-6.10598
-6.08756
-6.05745
-6.02292
-5.98652
-5.95075
-5.92254
-5.90815
-5.91187
-5.93016
-5.95273
-5.97504
-5.98905
-5.9993
-6.00489
-6.01128
-6.01889
-6.02961
-6.04398
-6.05736
-6.06208
-6.05699
-6.03346
-5.99064
-5.93213
-5.85493
-5.77718
-5.70971
-5.6636
-5.64977
-5.66274
-5.69295
-5.72514
-5.74863
-5.75578
-5.74247
-5.71963
-5.69496
-5.68161
-5.68489
-5.70823
-5.74706
-5.80079
-5.85438
-5.90745
-5.94841
-5.97981
-6.00338
-6.01408
-6.01142
-5.99535
-5.96681
-5.93161
-5.9048
-5.89237
-5.89112
-5.89934
-5.90699
-5.90377
-5.89343
-5.87796
-5.86451
-5.85871
-5.86337
-5.87861
-5.89544
-5.91014
-5.91864
-5.92544
-5.93247
-5.94577
-5.96402
-5.9827
-5.99217
-5.99298
-5.98786
-5.9796
-5.97201
-5.9729
-5.98169
-6.00232
-6.03346
-6.0705
-6.11023
-6.13955
-6.15691
-6.1601
-6.14441
-6.11147
-6.06038
-5.99855
-5.94026
-5.9054
-5.89005
-5.89019
-5.89807
-5.90316
-5.90664
-5.90753
-5.91516
-5.92956
-5.94825
-5.9692
-5.98913
-5.99865
-5.99725
-5.98206
-5.95619
-5.91734
-5.8706
-5.82466
-5.78505
-5.75959
-5.75043
-5.75133
-5.76167
-5.77607
-5.79207
-5.80579
-5.81319
-5.81496
-5.8115
-5.80158
-5.78791
-5.77345
-5.76643
-5.7758
-5.80116
-5.83894
-5.87263
-5.89576
-5.90454
-5.90361
-5.89941
-5.89977
-5.90679
-5.92526
-5.95221
-5.98419
-6.01446
-6.03415
-6.03662
-6.02327
-5.99633
-5.9646
-5.92296
-5.88438
-5.8516
-5.82529
-5.81002
-5.80765
-5.81858
-5.84528
-5.87941
-5.92365
-5.96458
-5.99389
-6.00931
-6.00763
-5.99279
-5.96539
-5.93187
-5.89727
-5.86092
-5.81933
-5.7857
-5.76747
-5.77663
-5.81312
-5.85376
-5.89076
-5.91637
-5.92853
-5.93189
-5.93221
-5.92552
-5.91569
-5.89869
-5.87855
-5.85385
-5.8346
-5.82495
-5.83674
-5.86587
-5.90977
-5.95752
-6.00478
-6.04795
-6.07901
-6.09702
-6.09505
-6.07913
-6.05142
-6.0146
-5.9719
-5.92652
-5.88472
-5.86024
-5.85599
-5.87173
-5.89693
-5.91891
-5.92962
-5.925
-5.90224
-5.86712
-5.83362
-5.80965
-5.79833
-5.80636
-5.82712
-5.85356
-5.87677
-5.89025
-5.8859
-5.85846
-5.80954
-5.74827
-5.6908
-5.65559
-5.66186
-5.7093
-5.7917
-5.89036
-5.98385
-6.06104
-6.11798
-6.14875
-6.15317
-6.1351
-6.09515
-6.03667
-5.96206
-5.87545
-5.78206
-5.6923
-5.62377
-5.59207
-5.60886
-5.6653
-5.73547
-5.80827
-5.86969
-5.91365
-5.94494
-5.96953
-5.98977
-6.00578
-6.01415
-6.01043
-5.99025
-5.95429
-5.91222
-5.86858
-5.8365
-5.82094
-5.82293
-5.84319
-5.87274
-5.91438
-5.95755
-5.99763
-6.02567
-6.04101
-6.04089
-6.03387
-6.0233
-6.01268
-5.99198
-5.97216
-5.95698
-5.94936
-5.95764
-5.9733
-5.98443
-5.9873
-5.9838
-5.97636
-5.97275
-5.98102
-6.00192
-6.03176
-6.0596
-6.07543
-6.07257
-6.04589
-5.99386
-5.92845
-5.8568
-5.79122
-5.74495
-5.72289
-5.72065
-5.72567
-5.72107
-5.70097
-5.66649
-5.63436
-5.6219
-5.63135
-5.65612
-5.6913
-5.72564
-5.75857
-5.78565
-5.80659
-5.81881
-5.82379
-5.82294
-5.82632
-5.84018
-5.86386
-5.89629
-5.93532
-5.97245
-5.99698
-6.00931
-6.00925
-5.9993
-5.98522
-5.96802
-5.94926
-5.92926
-5.91281
-5.90393
